1531, -0.74, -1.36, 0.46, -29.21, -16.52, -141.22, 10.65, 63.32, -10.50, 7
1541, -0.48, -1.12, 0.45, -46.40, -6.10, -130.73, 11.40, 63.92, -10.50, 7
1550, -0.33, -0.83, 0.46, -54.57, 6.65, -117.07, 11.40, 63.92, -10.05, 7
1560, -0.32, -0.76, 0.42, -47.20, 13.48, -98.96, 11.55, 62.42, -11.70, 7
1570, -0.34, -0.97, 0.41, -34.02, 15.67, -80.55, 13.20, 62.87, -11.55, 7
1579, -0.38, -1.02, 0.36, -22.87, 17.01, -64.82, 12.90, 63.47, -10.95, 7
1589, -0.57, -0.81, 0.23, -14.21, 20.43, -53.60, 12.75, 63.32, -12.15, 7
1599, -0.93, -0.46, 0.15, -4.33, 23.17, -44.21, 13.65, 63.02, -10.65, 7
1608, -1.43, -0.14, 0.14, 5.91, 24.51, -32.93, 11.70, 62.87, -11.10, 7
1618, -1.85, -0.18, 0.13, 16.65, 23.54, -22.68, 12.60, 64.22, -11.25, 7
1628, -1.76, -0.53, 0.10, 24.02, 20.55, -26.16, 12.90, 61.67, -11.25, 7
1637, -1.30, -0.73, 0.08, 13.84, 17.07, -46.95, 12.30, 64.52, -9.90, 7
1647, -0.91, -0.76, 0.05, -8.48, 17.99, -65.24, 13.65, 63.02, -10.95, 7
1657, -0.56, -0.75, 0.07, -25.79, 22.44, -67.68, 14.55, 62.87, -10.50, 7
1666, -0.36, -0.62, 0.09, -31.59, 24.94, -55.06, 14.70, 63.47, -12.00, 7
1714, -0.45, -0.50, 0.06, -31.77, 22.56, -38.05, 16.95, 61.97, -11.25, 7
1724, -0.68, -0.41, 0.07, -27.68, 18.35, -27.01, 16.95, 61.67, -12.30, 7
1734, -0.92, -0.35, 0.05, -18.78, 15.24, -24.57, 16.20, 61.67, -11.70, 7
1744, -1.04, -0.30, 0.07, -9.02, 15.79, -27.26, 17.55, 59.41, -13.05, 7
1754, -1.02, -0.28, 0.10, -0.06, 17.13, -32.07, 17.25, 60.92, -12.75, 7
1764, -0.95, -0.28, 0.15, 6.22, 16.95, -36.65, 18.45, 60.77, -13.20, 7
1774, -0.89, -0.26, 0.15, 6.28, 16.52, -39.63, 18.00, 59.41, -13.80, 7
1784, -0.89, -0.22, 0.12, 2.01, 15.98, -41.77, 20.56, 59.41, -14.40, 7
1794, -0.93, -0.23, 0.12, -3.48, 14.76, -45.30, 20.26, 57.91, -14.25, 7
1804, -0.96, -0.22, 0.09, -10.91, 13.60, -51.34, 20.26, 56.71, -13.50, 7
1814, -0.92, -0.24, 0.07, -18.17, 12.44, -60.24, 20.86, 56.26, -14.10, 7
1825, -0.90, -0.17, 0.09, -24.51, 10.55, -70.67, 22.06, 55.66, -11.85, 7
1835, -0.93, -0.04, 0.06, -30.98, 8.23, -80.24, 23.11, 53.11, -15.00, 7
1845, -0.98, 0.10, 0.11, -32.50, 7.99, -89.51, 23.11, 53.56, -15.00, 7
1877, -0.95, 0.05, 0.10, -28.60, 7.87, -100.55, 24.91, 52.81, -13.20, 7
1887, -0.85, -0.12, 0.11, -22.62, 6.65, -112.93, 22.81, 52.06, -13.50, 7
1897, -0.76, -0.33, 0.14, -23.05, 5.61, -124.27, 21.31, 52.06, -12.90, 7
1907, -0.79, -0.38, 0.13, -29.51, 6.10, -132.93, 22.66, 53.71, -13.35, 7
1917, -1.03, -0.28, 0.04, -40.18, 10.00, -140.24, 20.56, 55.21, -13.05, 7
1927, -1.34, -0.16, -0.01, -46.16, 16.34, -150.18, 19.65, 56.41, -13.95, 7
1937, -1.66, 0.01, 0.01, -41.40, 21.40, -164.09, 19.80, 56.56, -13.80, 7
1948, -1.98, 0.21, -0.06, -33.96, 26.71, -181.59, 19.65, 57.91, -13.95, 7
1958, -2.00, 0.12, -0.13, -26.52, 35.18, -203.60, 19.20, 58.51, -13.95, 7
1968, -1.96, 0.01, -0.15, -15.12, 36.83, -227.50, 19.80, 60.62, -12.75, 7
1978, -1.99, -0.27, -0.23, -15.24, 31.65, -244.88, 19.05, 60.17, -14.10, 7
1988, -2.00, -0.36, -0.14, -24.09, 24.57, -252.13, 18.30, 62.42, -14.40, 7
1998, -2.00, -0.41, -0.16, -43.54, 24.15, -252.50, 17.85, 61.82, -14.55, 7
2009, -2.00, -0.61, -0.07, -55.00, 28.66, -251.40, 16.65, 62.12, -14.55, 7
2041, -1.59, -0.87, 0.09, -52.74, 30.12, -245.37, 14.70, 63.62, -10.80, 7
2051, -1.13, -1.03, 0.27, -43.72, 33.66, -230.55, 13.35, 63.47, -12.00, 7
2061, -0.53, -1.06, 0.52, -30.55, 44.82, -200.30, 12.45, 64.37, -12.45, 7
2071, 0.16, -1.13, 0.39, -15.85, 59.76, -163.72, 13.65, 63.77, -12.00, 7
2082, 0.96, -1.40, 0.69, -16.65, 75.30, -126.40, 10.80, 63.47, -11.25, 7
2092, 1.13, -1.37, 1.00, 34.21, 75.43, -92.26, 11.40, 64.37, -10.80, 7
2102, 0.52, -1.51, 0.79, 65.12, 74.76, -52.50, 9.60, 63.92, -13.50, 7
2112, 0.11, -0.92, 0.91, 77.44, 78.41, -9.82, 8.10, 64.37, -10.50, 7
2122, 0.10, -0.47, -0.08, 23.48, 87.56, 51.22, 6.60, 63.77, -9.60, 7
2132, 0.13, -0.41, -0.04, 2.26, 92.07, 120.91, 5.10, 64.52, -11.25, 7
2142, 0.31, -0.53, 0.04, 33.60, 81.04, 172.62, 4.50, 64.37, -11.85, 7
2152, 0.66, -0.78, 0.15, 30.24, 69.88, 214.09, 4.95, 62.87, -10.80, 7
2162, 0.71, -0.85, 0.21, 30.43, 53.78, 248.66, 5.10, 64.52, -10.65, 7
2172, 0.49, -0.72, 0.11, 4.88, 36.22, 272.93, 3.15, 63.62, -11.10, 7
2204, 0.39, -0.55, -0.02, -39.88, 27.26, 290.91, 5.85, 62.72, -10.20, 7
2214, 0.45, -0.44, -0.13, -73.96, 21.28, 308.05, 5.25, 65.12, -11.10, 7
2224, 0.59, -0.33, -0.23, -75.24, 8.96, 330.12, 4.35, 63.77, -11.25, 7
2234, 0.67, -0.29, -0.30, -56.28, -13.05, 355.67, 5.40, 63.02, -12.00, 7
2244, 0.59, -0.30, -0.34, -35.55, -42.44, 376.65, 6.30, 62.87, -11.85, 7
2255, 0.41, -0.40, -0.32, -23.23, -67.01, 389.15, 5.25, 62.87, -12.45, 7
2265, 0.20, -0.54, -0.27, -20.00, -80.67, 394.45, 5.70, 62.12, -12.90, 7
2275, 0.03, -0.61, -0.25, -27.32, -87.62, 396.28, 6.30, 60.77, -12.45, 7
2285, -0.19, -0.62, -0.37, -47.99, -97.68, 391.52, 4.80, 60.62, -11.25, 7
2295, -0.43, -0.59, -0.44, -66.83, -109.45, 378.23, 4.20, 61.52, -13.95, 7
2305, -0.67, -0.70, -0.27, -72.26, -107.44, 363.60, 3.90, 62.12, -13.20, 7
2315, -0.91, -0.68, -0.07, -55.49, -91.59, 350.85, 3.30, 60.92, -13.05, 7
2325, -1.05, -0.45, 0.06, -37.38, -69.82, 334.82, 3.75, 59.86, -13.05, 7
2335, -1.08, -0.28, -0.13, -30.37, -52.99, 313.90, 5.85, 59.41, -13.35, 7
2367, -1.18, -0.24, -0.12, -10.61, -43.48, 293.41, 5.70, 58.96, -13.20, 7
2377, -1.38, -0.20, -0.03, 39.39, -27.68, 273.54, 6.75, 57.16, -13.20, 7
2388, -1.55, -0.30, -0.05, 80.91, -14.39, 252.13, 5.10, 57.31, -12.30, 7
2398, -1.67, -0.52, -0.05, 86.16, -1.16, 228.17, 5.85, 57.31, -12.75, 7
2408, -1.65, -0.57, -0.05, 65.55, 14.82, 201.89, 6.00, 57.91, -12.45, 7
2418, -1.54, -0.55, -0.10, 26.59, 26.83, 171.77, 6.00, 58.21, -12.15, 7
2428, -1.40, -0.36, -0.11, -12.56, 23.60, 134.15, 6.90, 57.31, -12.75, 7
2438, -1.17, -0.14, -0.24, -45.43, 12.01, 93.84, 7.80, 58.21, -11.85, 7
2448, -1.00, 0.01, -0.38, -59.51, 2.01, 54.57, 5.70, 57.46, -12.45, 7
2458, -1.00, 0.07, -0.35, -57.56, -7.44, 14.09, 6.30, 57.46, -12.15, 7
2468, -1.03, 0.11, -0.26, -46.34, -10.49, -23.96, 8.25, 57.61, -12.30, 7
2478, -0.98, 0.12, -0.11, -36.16, -7.20, -55.61, 7.65, 55.81, -13.35, 7
2488, -0.86, 0.12, -0.02, -29.76, -3.84, -82.44, 8.10, 56.41, -11.85, 7
2498, -0.79, 0.13, -0.01, -22.99, -3.84, -106.59, 8.55, 57.91, -12.45, 7
2530, -0.76, 0.17, -0.07, -12.87, -5.12, -127.50, 10.35, 57.16, -11.55, 7
2540, -0.65, -0.00, -0.07, -9.21, -7.07, -150.18, 9.00, 56.56, -12.75, 7
2550, -0.93, 0.63, 0.88, 55.30, -77.80, -197.87, 8.55, 57.91, -13.50, 7
2560, -1.32, 1.67, -0.07, 127.13, -97.13, -200.85, 7.05, 58.21, -11.85, 7
2570, -1.39, 2.00, 0.36, 158.23, -40.30, -165.49, 9.00, 57.61, -12.75, 7
2581, -1.67, 0.19, 0.80, 156.28, -53.60, -85.73, 8.55, 58.21, -12.90, 7
2591, -1.95, -1.11, 0.56, 133.96, -67.07, -62.44, 9.15, 57.91, -12.45, 7
2601, -1.61, -0.99, -0.22, 43.29, -83.23, -97.26, 8.85, 57.91, -12.45, 7
2611, -1.46, -1.33, -0.17, -85.67, -81.04, -129.21, 10.35, 58.21, -12.90, 7
2621, -1.10, -0.70, -0.26, -103.05, -56.28, -139.57, 8.85, 57.46, -11.55, 7
2631, -0.67, -0.15, -0.06, -98.05, -26.22, -140.67, 9.15, 57.16, -12.15, 7
2641, -0.65, 0.88, 0.79, -29.88, -12.56, -124.88, 9.00, 57.31, -12.00, 7
2651, -1.68, 0.89, 0.25, 30.06, -24.88, -98.11, 8.70, 58.21, -12.15, 7
2661, -2.00, -0.39, -0.03, 69.02, -42.68, -71.71, 10.05, 57.31, -12.00, 7
2694, -2.00, -1.40, -0.04, 63.90, -34.88, -71.22, 11.40, 56.11, -12.15, 7
2704, -1.35, -1.36, 0.22, 23.05, -15.79, -104.21, 13.35, 56.26, -11.70, 7
2714, -0.56, -1.05, 0.48, 2.68, -9.15, -122.93, 10.35, 55.66, -12.45, 7
2724, -0.06, -0.68, 0.57, -5.43, -8.05, -108.41, 12.45, 55.66, -12.45, 7
2734, 0.01, -0.78, 0.38, -21.46, -6.83, -78.66, 11.70, 55.66, -13.20, 7
2744, -0.44, -0.96, 0.34, -28.96, -9.88, -52.68, 13.20, 54.91, -10.80, 7
2754, -0.91, -0.88, 0.26, -32.38, -11.22, -36.22, 11.40, 55.36, -12.45, 7
2764, -1.31, -0.65, 0.19, -38.41, -7.99, -28.29, 12.15, 54.91, -12.90, 7
2774, -1.44, -0.42, 0.22, -36.22, -1.34, -25.30, 11.85, 52.96, -12.00, 7
2784, -1.32, -0.31, 0.20, -20.67, 3.72, -27.38, 13.80, 53.56, -11.55, 7
2794, -1.07, -0.36, 0.20, -5.67, 5.00, -31.10, 13.80, 53.56, -13.50, 7
2804, -0.88, -0.50, 0.20, 2.20, 3.41, -31.77, 13.80, 53.11, -12.90, 7
2814, -0.77, -0.59, 0.20, 0.24, 4.39, -26.28, 16.35, 52.81, -13.50, 7
2824, -0.78, -0.59, 0.19, -7.87, 6.22, -17.62, 16.35, 51.76, -11.85, 7
2856, -1.01, -0.34, 0.10, -28.96, 6.95, -7.50, 17.55, 50.11, -13.05, 7
2866, -0.97, -0.26, 0.11, -25.73, 5.55, -10.67, 17.10, 48.46, -13.95, 7
2877, -0.91, -0.21, 0.13, -20.49, 4.70, -13.29, 18.00, 46.21, -13.35, 7
2887, -0.85, -0.18, 0.15, -15.79, 4.51, -14.39, 16.95, 46.51, -12.30, 7
2897, -0.83, -0.17, 0.17, -10.37, 4.76, -14.33, 18.45, 46.06, -12.15, 7
2907, -0.86, -0.16, 0.17, -7.01, 4.15, -15.18, 17.10, 47.11, -12.45, 7
2917, -0.91, -0.13, 0.17, -5.67, 3.41, -18.35, 16.35, 46.06, -11.55, 7
2927, -0.97, -0.10, 0.14, -6.40, 2.20, -23.17, 16.20, 45.16, -10.65, 7
2937, -0.97, -0.05, 0.14, -9.51, 2.20, -29.02, 15.30, 45.31, -12.15, 7
2947, -0.97, -0.01, 0.09, -13.29, 2.32, -35.73, 16.35, 46.36, -11.85, 7
2957, -0.95, 0.04, 0.06, -16.40, 2.50, -43.48, 14.55, 46.66, -12.45, 7
2967, -0.91, 0.10, 0.05, -17.44, 1.65, -51.77, 15.15, 48.01, -11.25, 7
2977, -0.92, 0.11, 0.04, -16.95, -0.06, -60.67, 13.80, 48.91, -11.85, 7
2987, -0.88, 0.09, 0.04, -14.51, -2.20, -69.51, 18.00, 50.11, -12.75, 7
3019, 1.56, -0.18, 0.17, 365.43, -1337.26, -88.96, 19.95, 53.56, -12.90, 7
3092, -0.80, -0.77, -0.13, 89.94, -8.84, 346.59, 14.70, 59.41, -14.40, 7
3103, -0.97, -0.96, -0.10, 71.04, 4.45, 336.83, 15.45, 60.17, -13.80, 7
3112, -1.09, -0.98, 0.08, 47.50, 21.04, 326.16, 13.80, 59.71, -12.45, 7
3123, -1.14, -0.74, 0.11, 29.63, 32.74, 315.00, 13.80, 61.82, -12.45, 7
3133, -1.21, -0.44, 0.10, 21.04, 32.68, 300.85, 12.45, 61.82, -13.20, 7
3143, -1.26, -0.21, 0.10, 37.44, 27.68, 279.02, 9.75, 62.72, -13.35, 7
3153, -1.23, -0.11, 0.10, 69.51, 25.18, 255.00, 11.85, 61.22, -13.35, 7
3162, -1.23, -0.15, 0.11, 86.95, 21.65, 235.79, 8.10, 63.32, -13.20, 7
3173, -1.35, -0.37, -0.01, 85.55, 18.78, 220.06, 6.90, 61.97, -13.80, 7
3182, -1.39, -0.51, 0.16, 68.48, 19.82, 204.02, 7.50, 63.62, -13.50, 7
3193, -1.35, -0.45, 0.27, 39.51, 15.85, 179.27, 6.00, 63.62, -11.55, 7
3203, -1.25, -0.27, 0.14, -5.43, 9.21, 152.74, 7.05, 62.87, -13.95, 7
3213, -1.10, -0.15, -0.00, -42.01, 5.98, 128.84, 6.00, 62.57, -13.50, 7
3245, -0.97, -0.02, -0.11, -45.91, -2.01, 105.61, 6.30, 63.32, -13.50, 7
3254, -0.84, 0.12, -0.16, -32.99, -14.63, 80.18, 6.75, 63.32, -11.55, 7
3264, -0.73, 0.19, -0.22, -22.44, -28.54, 54.21, 4.80, 63.02, -13.05, 7
3273, -0.70, 0.14, -0.25, -17.93, -36.59, 29.09, 6.00, 62.87, -13.20, 7
3283, -0.70, 0.04, -0.13, -19.94, -39.51, 6.22, 6.00, 61.82, -13.95, 7
3292, -0.66, -0.02, -0.04, -27.62, -39.82, -13.60, 5.25, 61.82, -13.20, 7
3301, -0.63, -0.04, 0.01, -46.95, -38.05, -29.45, 5.25, 61.82, -13.20, 7
3311, -0.64, -0.10, 0.01, -66.71, -37.13, -42.44, 6.30, 60.32, -12.90, 7
3320, -0.67, -0.11, -0.01, -80.85, -39.39, -54.63, 7.80, 61.52, -11.85, 7
3330, -0.70, -0.09, -0.03, -95.98, -42.74, -66.52, 9.00, 60.17, -12.00, 7
3339, -0.67, -0.15, -0.11, -109.94, -45.43, -77.68, 9.15, 60.32, -13.20, 7
3349, -0.64, -0.15, -0.12, -118.78, -44.51, -87.44, 11.40, 59.71, -13.20, 7
3359, -0.65, -0.18, -0.33, -129.27, -46.89, -93.90, 11.40, 58.96, -13.50, 7
3368, -0.68, -0.38, 0.08, -142.01, -75.49, -110.67, 10.50, 58.06, -14.10, 7
3400, -1.56, 1.33, 0.62, 48.72, -143.05, -174.15, 11.70, 54.61, -14.25, 7
3410, -2.00, 2.00, 1.54, 134.09, -105.61, -237.38, 7.20, 55.81, -13.05, 7
3419, -2.00, 0.87, -1.02, 42.20, -98.84, -234.57, 7.65, 54.46, -14.70, 7
3429, -1.08, 0.41, -0.42, 182.68, -0.98, -132.50, 6.75, 53.56, -14.25, 7
3438, -1.38, 0.24, 0.51, 321.65, -60.73, -39.82, 7.20, 53.71, -13.80, 7
3448, -1.78, -1.38, 0.13, 110.37, -71.40, -87.44, 7.05, 53.11, -13.95, 7
3457, -1.81, -1.04, -0.24, 42.20, -72.32, -150.98, 8.25, 53.71, -14.10, 7
3467, -1.62, 0.18, 0.16, -10.49, -49.51, -164.51, 6.60, 52.66, -13.05, 7
3477, -2.00, 0.39, 0.10, -63.78, -33.48, -154.15, 7.95, 52.66, -14.40, 7
3486, -2.00, -0.10, -0.23, -40.12, -19.02, -133.72, 8.10, 52.51, -13.95, 7
3496, -1.72, -1.04, 0.12, -35.18, -18.72, -123.35, 8.85, 51.31, -12.45, 7
3505, -1.10, -0.95, 0.38, -23.17, -20.00, -133.66, 10.05, 52.66, -14.40, 7
3515, -0.56, -1.00, 0.51, -13.96, -13.84, -136.71, 10.05, 52.21, -16.20, 7
3525, -0.13, -0.91, 0.65, 0.30, -8.23, -118.72, 9.90, 51.31, -13.95, 7
3556, -0.25, -0.90, 0.37, -6.89, -1.83, -88.72, 10.35, 53.11, -13.20, 7
3566, -0.62, -0.96, 0.36, -6.46, -1.89, -62.62, 9.45, 52.21, -13.80, 7
3575, -0.96, -0.84, 0.36, 1.83, -0.24, -47.20, 9.75, 52.21, -14.10, 7
3584, -1.25, -0.63, 0.30, 2.99, 4.94, -40.18, 9.75, 52.21, -13.80, 7
3594, -1.33, -0.47, 0.25, 4.88, 10.85, -38.29, 11.25, 51.91, -12.30, 7
3603, -1.19, -0.47, 0.19, 8.60, 13.60, -38.17, 9.75, 51.91, -13.05, 7
3613, -0.98, -0.67, 0.10, 4.70, 12.99, -38.23, 9.00, 53.41, -13.80, 7
3622, -0.82, -0.77, 0.12, -1.89, 12.99, -36.34, 11.85, 53.71, -13.05, 7
3632, -0.78, -0.74, 0.10, -16.40, 14.57, -30.43, 9.45, 52.96, -14.40, 7
3641, -0.83, -0.63, 0.07, -28.29, 15.91, -21.83, 9.45, 52.96, -14.40, 7
3651, -0.90, -0.51, 0.05, -31.04, 16.10, -13.96, 11.40, 53.11, -14.25, 7
3661, -0.94, -0.42, 0.06, -26.22, 14.94, -9.82, 10.80, 52.66, -14.10, 7
3670, -0.93, -0.34, 0.07, -17.32, 13.60, -8.54, 10.65, 51.76, -13.95, 7
3680, -0.90, -0.33, 0.09, -7.68, 12.20, -8.41, 11.55, 53.71, -13.05, 7
3711, -0.88, -0.32, 0.12, 0.79, 11.40, -7.07, 10.95, 53.11, -12.90, 7
3721, -0.85, -0.33, 0.15, 6.59, 12.62, -5.00, 10.35, 51.76, -13.20, 7
3730, -0.85, -0.31, 0.16, 9.57, 14.39, -3.66, 10.35, 54.31, -12.90, 7
3740, -0.87, -0.27, 0.15, 9.70, 15.18, -4.21, 9.15, 54.61, -13.95, 7
3749, -0.93, -0.26, 0.12, 8.60, 15.30, -6.16, 10.35, 53.11, -13.20, 7
3758, -0.97, -0.23, 0.09, 7.26, 14.51, -9.57, 12.15, 53.86, -13.20, 7
3768, -0.97, -0.20, 0.09, 4.27, 13.72, -14.70, 9.75, 54.46, -13.35, 7
3777, -0.94, -0.18, 0.05, -0.91, 13.78, -20.79, 10.80, 54.46, -12.30, 7
3787, -0.91, -0.17, 0.04, -4.94, 13.23, -27.07, 10.50, 52.96, -13.05, 7
3796, -0.86, -0.16, 0.05, -6.10, 11.89, -33.29, 10.05, 52.96, -13.35, 7
3806, -0.87, -0.11, 0.07, -8.23, 10.12, -38.84, 11.40, 54.91, -12.15, 7
3815, -0.89, -0.04, 0.07, -12.13, 9.33, -44.45, 11.25, 53.41, -14.10, 7
3825, -0.91, -0.03, 0.06, -13.60, 9.76, -50.55, 11.25, 52.96, -14.70, 7
3834, -0.89, -0.03, 0.11, -9.70, 10.12, -57.13, 10.35, 52.51, -13.20, 7
3863, -0.88, -0.04, 0.10, -5.00, 8.66, -63.90, 13.20, 51.31, -13.50, 7
3873, -0.86, -0.10, 0.13, -1.59, 8.54, -70.06, 13.35, 54.01, -13.05, 7
3882, -0.86, -0.17, 0.15, 2.13, 8.17, -75.24, 11.70, 52.51, -13.05, 7
3891, -0.84, -0.22, 0.17, 3.48, 7.80, -80.30, 11.70, 52.51, -13.50, 7
3901, -0.83, -0.36, 0.09, -0.49, 8.11, -85.85, 12.60, 52.21, -13.05, 7
3910, -0.78, -0.50, 0.10, -5.37, 8.29, -89.63, 13.35, 51.16, -14.10, 7
3920, -0.80, -0.45, 0.09, -12.56, 7.56, -93.29, 13.80, 51.01, -13.20, 7
3929, -0.89, -0.29, 0.06, -23.66, 8.54, -96.95, 14.70, 51.16, -12.75, 7
3939, -0.94, -0.16, 0.10, -26.89, 11.52, -101.71, 13.50, 51.31, -13.95, 7
3949, -0.90, -0.17, 0.15, -17.99, 12.68, -107.13, 15.15, 49.81, -14.70, 7
3958, -0.83, -0.23, 0.22, -7.50, 10.85, -114.27, 14.40, 50.41, -14.70, 7
3968, -0.81, -0.39, 0.18, -8.35, 8.66, -120.37, 14.70, 49.36, -15.45, 7
3977, -0.79, -0.59, 0.19, -11.77, 7.56, -124.88, 14.70, 49.06, -14.40, 7
3987, -0.86, -0.59, 0.19, -21.52, 6.77, -129.39, 14.70, 49.36, -14.40, 7
4019, -1.03, -0.49, 0.11, -37.87, 9.33, -135.12, 16.95, 47.56, -13.35, 7
4028, -1.25, -0.34, 0.11, -45.55, 14.45, -142.01, 17.55, 48.61, -14.70, 7
4038, -1.69, -0.30, -0.04, -41.83, 18.96, -151.65, 16.95, 48.31, -14.40, 7
4047, -2.00, -0.38, -0.04, -35.61, 22.68, -164.45, 18.15, 48.46, -14.25, 7
4057, -2.00, -0.34, -0.03, -31.83, 27.01, -180.73, 17.55, 49.06, -14.70, 7
4067, -2.00, -0.15, -0.00, -31.52, 34.33, -198.23, 18.30, 48.61, -14.70, 7
4076, -2.00, -0.29, -0.12, -33.29, 45.55, -216.46, 17.10, 48.46, -15.60, 7
4086, -2.00, -0.52, -0.02, -30.12, 46.46, -228.66, 16.95, 49.06, -14.70, 7
4095, -2.00, -0.63, -0.06, -32.93, 47.99, -225.06, 18.30, 50.86, -13.35, 7
4105, -1.56, -0.83, 0.00, -38.78, 51.71, -208.41, 15.90, 50.86, -13.35, 7
4115, -1.04, -0.95, 0.08, -48.72, 57.20, -188.54, 16.95, 49.81, -15.15, 7
4124, -0.59, -0.99, 0.17, -54.76, 66.04, -166.52, 16.50, 51.91, -13.80, 7
4134, -0.02, -0.88, 0.23, -54.39, 77.44, -140.12, 15.45, 52.96, -12.30, 7
4144, 0.56, -0.89, 0.19, -45.12, 78.84, -101.16, 17.55, 52.21, -13.35, 7
4175, 0.87, -0.80, 0.30, 11.83, 73.90, -41.40, 17.40, 53.86, -13.50, 7
4185, 0.85, -1.23, 0.03, 41.10, 81.77, 18.54, 18.00, 56.26, -13.05, 7
4195, 0.58, -1.21, 0.45, 73.90, 91.10, 56.52, 16.35, 56.41, -13.50, 7
4204, 0.27, -0.90, -0.07, 66.10, 84.15, 83.96, 17.40, 56.71, -14.25, 7
4214, 0.10, -0.54, 0.00, 55.49, 71.04, 118.84, 16.65, 58.21, -14.55, 7
4223, 0.20, -0.36, -0.14, 62.68, 53.48, 153.23, 16.65, 56.71, -14.55, 7
4233, 0.47, -0.54, -0.08, 52.38, 35.98, 189.45, 16.95, 57.61, -13.80, 7
4242, 0.53, -0.73, 0.16, 43.90, 21.16, 221.95, 16.65, 58.21, -13.95, 7
4252, 0.41, -0.78, 0.30, 21.16, 14.09, 245.49, 16.65, 58.21, -13.95, 7
4262, 0.18, -0.75, 0.24, -24.45, 9.21, 259.82, 15.60, 56.71, -13.50, 7
4271, 0.04, -0.73, 0.06, -75.73, 9.21, 269.51, 13.65, 59.41, -13.35, 7
4281, 0.08, -0.64, -0.10, -108.66, 10.67, 280.61, 13.35, 59.11, -13.35, 7
4290, 0.17, -0.49, -0.12, -117.80, 6.10, 295.24, 12.90, 58.36, -13.80, 7
4300, 0.21, -0.38, -0.08, -106.59, -4.15, 311.71, 11.70, 58.51, -11.85, 7
4332, 0.20, -0.24, -0.16, -84.21, -15.98, 328.29, 9.60, 60.02, -11.55, 7
4341, 0.08, -0.13, -0.20, -59.88, -29.63, 342.38, 8.70, 60.17, -11.25, 7
4351, -0.15, -0.11, -0.23, -34.21, -39.63, 348.41, 7.80, 60.77, -13.20, 7
4360, -0.40, -0.28, -0.31, -1.52, -47.87, 341.77, 7.20, 59.86, -12.00, 7
4370, -0.57, -0.50, -0.26, 33.23, -48.41, 327.80, 9.00, 60.62, -12.75, 7
4379, -0.69, -0.67, -0.25, 41.40, -43.41, 313.23, 7.65, 60.92, -12.00, 7
4389, -0.78, -0.62, -0.21, 21.71, -33.84, 301.89, 7.20, 59.41, -12.30, 7
4398, -0.83, -0.44, -0.27, 16.10, -22.62, 290.24, 8.10, 60.32, -11.55, 7
4408, -0.94, -0.31, -0.17, 39.15, -16.16, 273.17, 8.25, 59.86, -11.25, 7
4417, -1.04, -0.26, -0.03, 75.18, -10.24, 251.83, 7.65, 60.17, -12.75, 7
4427, -1.15, -0.27, 0.06, 95.18, -5.30, 231.59, 10.50, 59.11, -11.25, 7
4436, -1.24, -0.30, 0.11, 100.55, 2.80, 216.04, 10.05, 58.36, -11.25, 7
4446, -1.27, -0.32, 0.12, 88.84, 13.17, 201.71, 9.15, 58.51, -12.90, 7
4456, -1.25, -0.34, -0.02, 61.83, 17.74, 185.24, 10.35, 59.26, -11.55, 7
4487, -1.21, -0.41, -0.15, 28.90, 17.87, 166.04, 12.75, 58.96, -10.50, 7
4497, -1.21, -0.37, -0.13, 2.07, 13.41, 143.66, 11.85, 57.31, -11.25, 7
4506, -1.11, -0.25, -0.20, -17.32, 7.20, 117.50, 12.90, 57.61, -12.30, 7
4516, -1.02, -0.15, -0.33, -30.49, -2.87, 87.32, 14.55, 56.71, -13.20, 7
4525, -0.96, -0.08, -0.30, -39.09, -14.02, 55.06, 11.70, 55.36, -13.50, 7
4535, -0.95, -0.07, -0.26, -45.91, -23.05, 25.55, 12.90, 54.76, -13.05, 7
4545, -0.98, -0.04, -0.17, -51.28, -27.32, 3.23, 13.20, 53.86, -13.50, 7
4554, -0.98, 0.04, -0.13, -56.52, -27.93, -12.74, 11.85, 54.01, -14.40, 7
4564, -0.98, 0.09, -0.15, -61.28, -26.77, -25.55, 10.65, 50.71, -13.95, 7
4573, -0.95, 0.13, -0.13, -60.98, -24.51, -36.95, 8.70, 50.86, -14.10, 7
4583, -0.88, 0.11, -0.17, -52.38, -24.70, -46.77, 9.75, 52.66, -14.10, 7
4592, -0.81, 0.08, -0.18, -40.85, -25.00, -55.61, 9.60, 52.66, -14.10, 7
4602, -0.74, 0.05, -0.15, -30.61, -26.34, -63.17, 9.60, 51.31, -13.95, 7
4611, -0.68, -0.04, -0.15, -24.21, -27.56, -68.96, 9.00, 52.66, -13.80, 7
4644, -0.65, -0.06, -0.16, -25.06, -32.62, -73.54, 10.35, 51.01, -12.45, 7
4654, -0.62, -0.18, -0.20, -31.95, -39.21, -77.20, 9.75, 50.41, -13.80, 7
4664, -0.65, -0.52, -0.32, -43.41, -41.65, -78.17, 10.05, 50.41, -12.75, 7
4674, -0.73, -0.98, 0.33, -58.90, -66.46, -93.54, 11.55, 49.36, -13.80, 7
4684, -1.51, 0.54, 0.92, 92.20, -134.57, -159.88, 10.95, 50.26, -14.25, 7
4694, -2.00, 1.84, 1.53, 33.35, -132.50, -228.48, 11.85, 50.41, -12.75, 7
4705, -2.00, 0.17, -0.86, -67.38, -101.10, -226.10, 11.25, 50.86, -14.10, 7
4715, -0.82, 1.50, 0.62, 136.89, -4.70, -120.49, 11.40, 49.51, -12.90, 7
4725, -1.19, 0.32, 0.26, 213.23, -59.70, -33.84, 10.95, 48.91, -13.50, 7
4735, -1.87, -0.79, 0.52, 122.68, -74.57, -69.27, 10.50, 51.91, -12.30, 7
4745, -2.00, -0.19, -0.36, 121.83, -61.16, -111.52, 11.40, 48.91, -13.50, 7
4755, -2.00, -0.42, 0.36, 51.40, -35.98, -111.34, 11.70, 49.21, -13.20, 7
4765, -1.90, -0.26, -0.01, 57.74, -27.56, -106.16, 10.35, 48.16, -12.45, 7
4776, -1.65, -0.69, 0.06, 23.78, -27.44, -108.90, 10.80, 50.86, -11.70, 7
4808, -1.30, -1.13, 0.10, 4.63, -27.99, -111.34, 12.30, 50.41, -13.05, 7
4818, -0.89, -1.16, 0.12, -25.91, -23.72, -110.55, 13.80, 48.91, -11.85, 7
4828, -0.42, -1.08, 0.22, -52.01, -13.84, -104.88, 12.90, 50.86, -12.75, 7
4838, -0.15, -0.97, 0.29, -61.10, -8.48, -93.17, 12.60, 49.81, -13.35, 7
4849, -0.20, -0.83, 0.31, -62.32, -8.78, -76.65, 12.15, 49.96, -11.55, 7
4859, -0.56, -0.65, 0.28, -55.43, -12.44, -58.17, 11.55, 51.16, -10.95, 7
4869, -1.03, -0.40, 0.30, -43.35, -12.87, -43.23, 12.30, 49.36, -12.30, 7
4879, -1.43, -0.27, 0.30, -27.50, -8.11, -32.68, 11.55, 50.11, -12.00, 7
4889, -1.63, -0.30, 0.38, -8.11, -1.52, -27.20, 12.60, 50.41, -12.30, 7
4899, -1.50, -0.32, 0.33, 4.94, 3.41, -26.71, 12.15, 49.21, -11.55, 7
4909, -1.22, -0.44, 0.26, 3.35, 6.16, -30.12, 11.55, 49.36, -11.70, 7
4919, -0.95, -0.52, 0.26, 1.83, 9.27, -32.74, 13.20, 48.91, -11.85, 7
4929, -0.76, -0.51, 0.19, -1.16, 12.68, -30.06, 13.65, 46.51, -12.00, 7
4939, -0.69, -0.51, 0.13, -6.22, 14.57, -22.62, 13.80, 49.21, -11.55, 7
4971, -0.78, -0.46, 0.09, -11.04, 11.89, -15.18, 15.90, 48.31, -10.95, 7
4981, -0.91, -0.39, 0.01, -17.01, 9.63, -12.56, 13.80, 46.36, -11.10, 7
4991, -0.97, -0.34, 0.01, -22.07, 8.66, -13.78, 13.65, 46.21, -13.35, 7
5001, -0.94, -0.25, 0.03, -20.85, 7.99, -17.68, 13.80, 47.41, -12.15, 7
5011, -0.88, -0.19, 0.07, -16.52, 6.95, -20.49, 13.65, 45.76, -12.30, 7
5021, -0.83, -0.13, 0.10, -9.33, 5.85, -21.71, 15.00, 44.26, -13.20, 7
5031, -0.85, -0.09, 0.13, -1.28, 4.33, -22.50, 14.55, 44.26, -13.20, 7
5041, -0.88, -0.04, 0.11, 4.94, 2.93, -24.88, 15.90, 44.41, -12.30, 7
5051, -0.92, -0.03, 0.11, 9.82, 1.40, -29.76, 13.80, 46.06, -12.90, 7
5061, -0.97, 0.00, 0.09, 11.22, -0.12, -36.71, 15.45, 42.61, -13.05, 7
5071, -0.99, 0.01, 0.09, 8.11, -0.91, -45.79, 14.55, 44.26, -13.20, 7
5081, -0.97, -0.02, 0.10, 2.13, -2.56, -55.79, 15.00, 41.26, -15.60, 7
5091, -0.95, 0.00, 0.13, -4.94, -5.30, -66.59, 14.25, 40.66, -14.25, 7
5101, -0.92, -0.01, 0.11, -13.41, -6.71, -77.26, 15.30, 39.91, -12.90, 7
5133, -0.85, -0.02, 0.10, -19.70, -7.50, -87.13, 15.30, 37.36, -12.45, 7
5143, -0.83, -0.03, 0.08, -23.72, -9.45, -95.85, 14.25, 37.06, -11.10, 7
5153, -0.84, 0.04, 0.09, -26.22, -11.71, -104.76, 15.00, 38.86, -11.10, 7
5163, -0.85, -0.02, 0.06, -26.83, -13.11, -113.54, 13.50, 37.66, -11.85, 7
5173, -0.85, -0.08, 0.09, -19.88, -14.88, -122.26, 13.35, 38.26, -11.25, 7
5183, -0.91, -0.02, 0.10, -15.61, -18.78, -131.40, 15.00, 39.91, -11.85, 7
5194, -1.09, -0.05, -0.02, -20.30, -18.60, -142.07, 15.15, 38.26, -11.25, 7
5204, -1.08, -0.23, 0.01, -22.32, -16.28, -154.76, 15.60, 41.71, -12.15, 7
5214, -1.02, -0.27, 0.03, -17.74, -18.35, -166.40, 15.60, 43.06, -10.80, 7
5224, -1.04, -0.32, 0.04, -24.09, -22.32, -175.49, 14.10, 42.91, -10.95, 7
5234, -1.10, -0.31, 0.04, -32.80, -22.44, -183.90, 15.30, 44.56, -11.55, 7
5244, -1.14, -0.34, -0.03, -36.83, -20.67, -193.29, 17.55, 45.46, -10.65, 7
5254, -1.15, -0.36, -0.05, -36.22, -20.67, -201.95, 18.30, 45.76, -10.65, 7
5265, -1.14, -0.42, -0.05, -37.44, -21.59, -209.57, 18.45, 46.66, -11.55, 7
5297, -1.13, -0.46, -0.11, -39.70, -22.38, -216.04, 21.61, 49.36, -11.25, 7
5307, -1.19, -0.48, -0.16, -44.82, -23.84, -220.98, 21.31, 49.51, -11.55, 7
5317, -1.44, -0.34, -0.17, -53.48, -25.06, -225.30, 21.76, 51.31, -11.55, 7
5327, -1.81, -0.30, -0.15, -58.60, -22.68, -228.78, 19.35, 51.91, -12.00, 7
5338, -2.00, -0.56, 0.01, -42.32, -20.00, -226.52, 21.61, 52.96, -10.20, 7
5348, -2.00, -0.70, 0.21, -13.90, -19.21, -220.24, 21.01, 53.11, -11.10, 7
5358, -1.84, -0.88, 0.27, 2.87, -14.94, -212.26, 21.01, 56.11, -12.90, 7
5368, -1.21, -1.04, 0.43, 11.10, -9.21, -197.26, 20.11, 57.01, -11.70, 7
5378, -0.65, -1.12, 0.55, 20.49, 2.20, -173.11, 20.11, 57.01, -12.30, 7
5388, -0.08, -1.03, 0.65, 26.04, 19.02, -143.54, 19.80, 58.06, -14.40, 7
5398, 0.30, -1.05, 0.73, 26.59, 29.82, -111.95, 18.90, 58.21, -11.85, 7
5408, 0.65, -1.20, 0.85, 30.18, 48.54, -70.30, 19.65, 58.51, -11.85, 7
5418, 0.71, -1.30, 0.90, 39.70, 72.87, -19.27, 17.25, 59.11, -12.75, 7
5428, 0.63, -1.15, 0.89, 47.07, 89.09, 26.89, 16.65, 60.32, -10.80, 7
5461, 0.31, -0.91, 0.41, 10.37, 89.76, 73.11, 16.95, 59.41, -10.20, 7
5471, 0.02, -0.79, 0.15, -30.67, 92.68, 122.26, 17.40, 60.77, -10.50, 7
5481, 0.04, -0.70, -0.11, -40.24, 96.71, 161.83, 17.10, 60.02, -10.50, 7
5491, 0.22, -0.71, -0.16, -36.22, 95.61, 193.23, 16.05, 61.07, -11.55, 7
5501, 0.45, -0.78, -0.10, -32.56, 89.76, 219.09, 18.75, 60.62, -10.65, 7
5511, 0.57, -0.82, -0.03, -35.18, 76.95, 240.85, 17.55, 60.17, -11.70, 7
5521, 0.55, -0.83, -0.01, -47.13, 61.71, 260.30, 18.75, 60.92, -12.00, 7
5531, 0.44, -0.75, -0.05, -64.09, 46.34, 277.99, 20.56, 60.62, -12.00, 7
5542, 0.36, -0.62, -0.15, -74.76, 33.41, 294.15, 20.71, 60.02, -13.20, 7
5552, 0.30, -0.52, -0.15, -76.28, 23.84, 311.28, 21.31, 58.51, -12.90, 7
5562, 0.23, -0.50, -0.16, -75.67, 15.55, 330.37, 22.66, 59.11, -13.80, 7
5572, 0.18, -0.52, -0.17, -68.35, 9.33, 352.01, 22.06, 60.02, -13.50, 7
5582, 0.07, -0.54, -0.13, -51.71, 5.61, 371.65, 24.31, 58.51, -14.55, 7
5592, -0.09, -0.54, -0.19, -36.83, 2.07, 378.29, 24.91, 58.21, -14.25, 7
5624, -0.29, -0.56, -0.15, -33.35, -5.55, 369.63, 23.11, 52.06, -15.00, 7
5634, -0.46, -0.62, -0.19, -40.61, -7.93, 352.68, 22.51, 53.11, -13.20, 7
5644, -0.62, -0.68, -0.10, -51.10, -5.67, 337.13, 20.11, 52.21, -11.70, 7
5654, -0.67, -0.56, -0.16, -53.05, -1.16, 323.54, 20.26, 51.31, -13.95, 7
5665, -0.76, -0.53, -0.26, -61.40, -4.21, 310.98, 23.11, 51.31, -13.50, 7
5675, -0.93, -0.61, -0.11, -47.74, -3.72, 301.40, 20.86, 50.11, -14.40, 7
5685, -1.10, -0.35, 0.02, 0.85, 2.74, 289.09, 21.76, 49.96, -13.50, 7
5695, -1.30, -0.09, -0.15, 30.73, 0.30, 266.59, 22.96, 48.61, -13.05, 7
5705, -1.39, 0.00, -0.23, 49.88, -3.84, 238.48, 20.86, 49.06, -12.75, 7
5715, -1.28, -0.17, -0.27, 82.32, 1.46, 209.94, 21.31, 48.46, -12.15, 7
5725, -1.23, -0.42, -0.06, 104.27, 9.15, 184.27, 21.76, 47.71, -13.20, 7
5735, -1.25, -0.60, 0.06, 88.66, 9.94, 159.09, 22.51, 47.71, -12.90, 7
5745, -1.24, -0.68, 0.16, 38.90, 5.24, 135.37, 22.21, 48.01, -13.35, 7
5755, -1.20, -0.62, 0.20, -18.17, -3.54, 109.82, 22.81, 48.91, -13.95, 7
5787, -0.97, -0.19, -0.08, -107.32, -14.88, 55.49, 22.96, 47.56, -13.05, 7
5797, -0.85, -0.06, -0.13, -122.62, -16.10, 32.80, 22.81, 47.71, -12.90, 7
5807, -0.81, -0.00, -0.12, -119.09, -17.50, 13.29, 22.66, 47.56, -12.00, 7
5818, -0.81, 0.04, -0.03, -109.94, -19.94, -5.30, 22.81, 48.46, -13.50, 7
5828, -0.81, 0.05, 0.00, -102.74, -22.26, -22.87, 22.66, 47.56, -12.00, 7
5838, -0.82, 0.01, -0.04, -100.61, -21.16, -38.05, 23.86, 46.06, -12.90, 7
5848, -0.84, -0.06, -0.08, -97.99, -19.27, -49.63, 22.81, 47.41, -13.95, 7
5858, -0.86, -0.11, -0.10, -93.78, -20.85, -58.11, 22.81, 47.11, -13.20, 7
5868, -0.82, -0.13, -0.06, -89.76, -24.02, -64.33, 24.01, 48.01, -12.75, 7
5878, -0.77, -0.11, -0.09, -96.28, -25.98, -68.11, 23.71, 47.26, -13.80, 7
5888, -0.78, -0.09, -0.26, -104.21, -25.67, -72.87, 23.41, 46.51, -13.05, 7
5898, -0.83, 0.00, 0.02, -118.60, -53.54, -99.45, 24.31, 47.41, -13.50, 7
5908, -1.70, 1.61, 0.87, 61.65, -114.39, -175.24, 23.11, 47.11, -12.90, 7
5919, -1.78, 2.00, 2.00, 155.79, -83.35, -239.15, 22.81, 48.46, -12.15, 7
6014, -0.86, -0.26, 0.13, -11.04, -15.67, -107.68, 24.61, 45.31, -11.85, 7
6024, -0.95, -0.28, 0.06, -18.84, -16.46, -115.98, 26.41, 44.56, -12.45, 7
6034, -1.13, -0.16, 0.09, -30.61, -13.54, -125.91, 25.81, 44.71, -12.75, 7
6044, -1.20, -0.05, 0.09, -34.21, -8.35, -137.99, 24.61, 43.51, -14.55, 7
6055, -1.13, -0.13, 0.14, -27.44, -3.66, -149.82, 25.66, 42.76, -12.45, 7
6064, -1.04, -0.22, 0.17, -20.79, -4.76, -161.95, 25.96, 42.01, -12.90, 7
6074, -1.02, -0.27, 0.09, -23.78, -7.07, -172.20, 26.86, 41.56, -12.30, 7
6084, -1.00, -0.38, 0.02, -31.52, -7.32, -180.18, 25.36, 40.21, -12.45, 7
6094, -0.98, -0.48, -0.02, -32.01, -6.16, -187.01, 25.51, 41.56, -13.35, 7
6105, -1.07, -0.50, -0.00, -32.26, -6.95, -192.87, 25.06, 40.06, -13.05, 7
6114, -1.32, -0.35, -0.08, -36.71, -6.95, -199.33, 24.76, 38.56, -13.35, 7
6125, -1.49, -0.35, -0.19, -43.29, -1.46, -207.38, 26.26, 39.31, -14.70, 7
6134, -1.56, -0.31, -0.17, -40.73, 2.32, -216.40, 25.06, 37.21, -14.10, 7
6144, -1.73, -0.38, -0.17, -35.79, 2.38, -223.17, 25.36, 35.86, -14.55, 7
6176, -1.94, -0.54, -0.08, -31.65, 0.91, -222.87, 25.06, 35.41, -12.30, 7
6185, -1.95, -0.63, 0.00, -27.07, 2.44, -219.45, 24.01, 33.16, -13.80, 7
6195, -1.67, -0.69, 0.14, -22.56, 7.50, -216.22, 24.31, 34.81, -12.90, 7
6204, -1.30, -0.64, 0.22, -14.57, 17.13, -208.11, 24.61, 33.01, -13.20, 7
6214, -0.79, -0.80, 0.24, -4.88, 29.39, -187.56, 23.71, 32.86, -13.05, 7
6223, -0.16, -0.87, 0.36, 15.30, 43.72, -160.98, 24.01, 33.91, -12.75, 7
6233, 0.46, -1.17, 0.39, 29.33, 54.63, -140.67, 24.01, 33.91, -12.75, 7
6243, 0.92, -1.45, 0.88, 68.54, 59.63, -125.79, 21.31, 33.01, -12.45, 7
6252, 0.78, -1.41, 1.24, 121.28, 57.74, -113.17, 21.76, 31.21, -11.55, 7
6262, 0.21, -1.25, 1.06, 119.88, 51.10, -80.43, 21.16, 31.81, -10.95, 7
6271, -0.09, -1.01, 0.63, 69.63, 64.88, -20.79, 21.01, 33.01, -10.05, 7
6281, 0.04, -0.69, 0.33, 8.05, 92.50, 45.06, 20.56, 33.16, -10.20, 7
6290, 0.09, -0.66, 0.00, -33.72, 103.23, 110.18, 20.86, 36.46, -10.65, 7
6300, 0.16, -0.75, 0.10, -44.33, 104.39, 160.12, 22.06, 37.36, -11.55, 7
6332, 0.33, -0.92, 0.09, -59.76, 102.13, 191.28, 24.91, 41.71, -11.10, 7
6341, 0.45, -0.90, 0.14, -69.21, 97.99, 217.80, 26.41, 42.76, -11.85, 7
6351, 0.42, -0.68, 0.11, -85.61, 88.60, 240.18, 26.26, 45.46, -10.95, 7
6361, 0.35, -0.48, -0.03, -108.72, 80.61, 261.46, 27.31, 47.26, -12.75, 7
6370, 0.32, -0.33, -0.18, -115.12, 76.83, 287.93, 27.16, 48.91, -11.10, 7
6380, 0.27, -0.23, -0.25, -86.77, 66.04, 313.96, 28.21, 49.51, -10.80, 7
6389, 0.17, -0.24, -0.15, -38.78, 52.50, 334.45, 26.86, 50.41, -10.20, 7
6399, 0.07, -0.31, -0.13, 13.60, 43.11, 352.99, 25.81, 54.46, -10.95, 7
6409, -0.08, -0.38, -0.13, 54.63, 36.04, 366.46, 26.56, 55.51, -9.60, 7
6418, -0.28, -0.38, -0.11, 84.94, 31.59, 365.55, 24.01, 55.51, -9.60, 7
6428, -0.44, -0.56, -0.14, 94.09, 30.24, 349.76, 23.41, 57.01, -9.30, 7
6437, -0.49, -0.84, -0.05, 89.57, 32.13, 330.98, 23.56, 58.96, -9.00, 7
6447, -0.55, -1.12, 0.04, 71.46, 33.17, 315.43, 22.96, 60.62, -8.55, 7
6456, -0.58, -1.23, 0.09, 34.15, 36.83, 305.55, 24.01, 62.42, -10.20, 7
6488, -0.59, -1.11, 0.09, -11.83, 38.66, 299.63, 22.21, 63.02, -8.55, 7
6497, -0.59, -0.90, 0.05, -46.22, 35.61, 292.38, 21.76, 63.62, -11.10, 7
6507, -0.67, -0.67, 0.04, -61.40, 28.23, 283.11, 22.21, 64.22, -10.65, 7
6517, -0.81, -0.42, 0.04, -63.90, 14.82, 272.38, 20.86, 66.02, -10.95, 7
6526, -0.96, -0.29, -0.01, -53.05, 2.99, 259.88, 20.71, 65.42, -9.45, 7
6536, -1.07, -0.29, 0.03, -26.89, -3.05, 245.30, 20.86, 67.37, -10.95, 7
6545, -1.16, -0.41, 0.16, -4.57, -2.56, 227.74, 21.76, 68.27, -10.80, 7
6555, -1.23, -0.53, 0.23, -4.51, -1.10, 208.23, 21.31, 67.22, -10.80, 7
6564, -1.22, -0.59, 0.14, -30.00, -2.93, 188.11, 21.61, 68.42, -10.65, 7
6574, -1.24, -0.51, 0.16, -68.48, -7.87, 163.72, 22.81, 67.22, -12.45, 7
6583, -1.15, -0.30, 0.11, -99.21, -10.49, 137.13, 22.81, 67.22, -12.45, 7
6593, -1.00, -0.10, -0.07, -129.45, -15.18, 113.60, 20.11, 68.42, -12.00, 7
6602, -0.88, 0.03, -0.15, -142.62, -17.68, 93.29, 24.01, 67.07, -12.00, 7
6612, -0.81, 0.07, -0.15, -135.55, -20.98, 74.82, 24.61, 66.92, -13.50, 7
6644, -0.87, 0.04, -0.15, -121.28, -28.72, 55.85, 26.26, 66.32, -12.75, 7
6654, -0.97, 0.00, -0.07, -104.45, -35.18, 39.76, 26.26, 65.57, -13.80, 7
6664, -1.04, 0.00, -0.04, -94.88, -34.15, 26.95, 26.71, 66.92, -15.30, 7
6673, -1.03, 0.05, -0.05, -90.98, -30.06, 15.30, 26.71, 66.92, -15.30, 7
6683, -0.98, 0.11, -0.05, -90.91, -26.59, 3.41, 28.96, 64.67, -14.55, 7
6692, -0.90, 0.15, -0.05, -90.91, -22.87, -10.06, 28.21, 64.37, -15.30, 7
6702, -0.84, 0.11, -0.01, -90.91, -19.51, -24.15, 28.51, 63.32, -15.00, 7
6711, -0.82, 0.05, -0.01, -90.55, -19.82, -39.27, 29.41, 63.47, -16.80, 7
6721, -0.81, 0.04, -0.05, -88.41, -22.99, -55.24, 30.31, 62.87, -15.30, 7
6730, -0.80, 0.02, -0.08, -85.12, -26.95, -67.56, 28.96, 59.71, -17.40, 7
6740, -0.79, 0.08, -0.17, -76.77, -30.79, -75.55, 28.51, 59.26, -14.25, 7
6749, -0.75, 0.11, -0.32, -59.82, -23.72, -82.38, 28.21, 59.26, -13.50, 7
6759, -0.76, -0.11, -0.57, -49.21, -13.84, -86.65, 25.36, 57.91, -13.50, 7
6769, -0.77, -0.35, -0.08, -48.17, -30.06, -99.63, 25.81, 58.06, -13.05, 7
6797, -1.33, 0.58, 0.39, 96.16, -79.45, -152.56, 28.51, 54.91, -14.25, 7
6807, -1.20, 2.00, 2.00, 233.54, -77.56, -226.22, 26.41, 54.31, -13.50, 7
6816, -1.48, 1.77, 1.15, 172.93, -102.20, -258.78, 26.86, 54.01, -12.30, 7
6826, -1.21, -0.21, 0.64, 130.98, -76.65, -183.54, 27.76, 54.61, -12.15, 7
6835, -1.48, 0.24, 0.39, 223.96, -58.29, -53.23, 27.16, 54.31, -12.90, 7
6845, -2.00, -0.96, 0.51, 42.68, -63.35, -41.10, 25.81, 51.91, -13.35, 7
6855, -2.00, -0.83, -0.70, -33.96, -69.33, -120.49, 25.36, 53.11, -12.45, 7
6864, -1.99, -0.22, -0.34, -74.45, -40.67, -158.48, 26.56, 52.96, -12.00, 7
6874, -1.34, 0.23, -0.04, -35.37, -14.70, -157.87, 28.51, 53.86, -12.15, 7
6884, -0.85, -0.06, 0.15, 25.61, -7.13, -143.23, 27.76, 53.86, -12.15, 7
6893, -0.73, -0.71, 0.53, 70.79, -7.68, -121.22, 27.76, 52.51, -11.85, 7
6903, -0.92, -1.14, 0.47, 83.35, -15.24, -98.11, 28.96, 52.06, -12.90, 7
6912, -1.18, -1.16, 0.34, 48.96, -18.23, -82.87, 27.61, 52.21, -12.30, 7
6922, -1.60, -1.08, -0.05, -1.10, -12.13, -76.04, 28.66, 52.96, -12.75, 7
6954, -1.62, -0.90, -0.02, -29.76, -0.06, -76.46, 29.56, 49.96, -10.80, 7
6963, -1.28, -0.69, 0.13, -42.56, 9.51, -77.20, 29.41, 51.16, -11.25, 7
6973, -0.92, -0.57, 0.20, -41.95, 12.68, -75.98, 28.36, 51.91, -12.00, 7
6982, -0.72, -0.49, 0.24, -26.77, 9.63, -69.39, 30.31, 52.81, -12.45, 7
6992, -0.72, -0.52, 0.31, -11.34, 5.30, -57.93, 29.26, 51.01, -12.15, 7
7001, -0.86, -0.63, 0.31, -2.38, 3.35, -45.67, 29.71, 51.16, -13.35, 7
7011, -0.96, -0.70, 0.33, -1.59, 3.96, -36.95, 30.16, 51.91, -12.00, 7
7020, -1.02, -0.64, 0.26, -8.96, 5.85, -33.84, 30.61, 51.01, -11.55, 7
7030, -1.05, -0.52, 0.19, -21.04, 8.41, -33.54, 29.26, 50.71, -12.15, 7
7039, -1.00, -0.40, 0.14, -28.11, 10.67, -34.51, 29.26, 51.01, -11.55, 7
7049, -0.91, -0.35, 0.13, -26.89, 11.34, -35.85, 29.11, 50.11, -11.70, 7
7058, -0.85, -0.29, 0.14, -21.34, 10.18, -36.77, 31.36, 50.26, -12.15, 7
7068, -0.84, -0.23, 0.18, -17.80, 7.74, -36.95, 30.46, 49.36, -12.75, 7
7078, -0.87, -0.16, 0.14, -16.83, 5.61, -37.74, 29.56, 49.51, -13.20, 7
7119, -0.90, -0.04, 0.15, -13.90, 4.70, -40.49, 30.61, 45.61, -13.20, 7
7129, -0.93, 0.01, 0.13, -9.57, 4.09, -45.49, 30.91, 45.16, -13.80, 7
7138, -0.93, -0.01, 0.17, -2.50, 2.38, -52.20, 30.31, 44.56, -12.45, 7
7147, -0.93, 0.04, 0.15, 1.34, -0.98, -61.22, 31.06, 43.81, -13.20, 7
7157, -0.96, 0.05, 0.08, -2.99, -4.15, -71.40, 31.06, 42.46, -13.20, 7
7166, -0.96, -0.00, 0.07, -12.07, -6.40, -82.56, 30.16, 42.61, -13.80, 7
7176, -0.97, -0.00, -0.01, -17.74, -8.60, -95.37, 31.21, 41.56, -13.35, 7
7185, -1.02, 0.01, -0.01, -31.46, -9.21, -111.28, 29.26, 40.66, -13.20, 7
7195, -1.03, 0.15, 0.06, -39.15, -10.00, -128.96, 30.16, 39.76, -13.80, 7
7204, -0.93, 0.01, 0.04, -42.20, -7.80, -143.66, 29.11, 38.56, -13.05, 7
7214, -0.76, -0.17, 0.19, -30.43, -9.33, -152.99, 30.31, 37.06, -13.50, 7
7223, -0.66, -0.31, 0.12, -23.84, -15.85, -158.96, 30.31, 37.06, -13.50, 7
7233, -0.61, -0.57, 0.16, -34.09, -21.59, -160.55, 30.16, 37.21, -13.80, 7
7243, -0.54, -0.65, 0.15, -37.62, -23.41, -160.61, 29.11, 36.16, -14.70, 7
7277, -0.58, -0.62, 0.20, -41.34, -20.98, -160.24, 28.06, 31.36, -11.70, 7
7287, -0.66, -0.48, 0.18, -40.55, -14.82, -160.91, 27.31, 30.76, -12.00, 7
7297, -0.76, -0.37, 0.15, -34.88, -9.21, -164.76, 26.86, 32.11, -12.30, 7
7306, -0.72, -0.48, 0.08, -23.60, -3.41, -168.29, 24.91, 31.66, -12.15, 7
7316, -0.71, -0.47, 0.12, -6.22, -2.87, -170.67, 24.31, 30.91, -11.55, 7
7325, -1.05, -0.36, 0.05, -1.46, -8.23, -174.88, 23.86, 31.66, -10.50, 7
7335, -1.51, -0.33, -0.05, -0.24, -10.06, -182.93, 23.71, 32.56, -10.20, 7
7344, -1.92, -0.21, -0.05, -0.91, -7.99, -195.61, 23.56, 33.76, -10.80, 7
7354, -2.00, -0.33, -0.10, -11.10, -5.37, -212.50, 23.56, 33.76, -10.80, 7
7363, -2.00, -0.52, 0.01, -18.35, -5.06, -230.06, 24.76, 35.71, -9.30, 7
7372, -2.00, -0.65, 0.11, -21.34, -4.76, -243.17, 25.51, 36.46, -8.55, 7
7382, -2.00, -0.80, 0.26, -22.20, -0.18, -248.17, 24.46, 37.51, -9.90, 7
7391, -1.80, -1.00, 0.36, -16.71, 8.54, -241.89, 25.66, 41.26, -9.45, 7
7401, -1.22, -1.08, 0.40, -5.37, 24.63, -223.72, 26.86, 41.56, -9.90, 7
7436, -0.48, -1.27, 0.49, 1.16, 49.88, -200.49, 28.51, 46.66, -9.45, 7
7446, 0.43, -1.15, 0.57, 13.05, 75.91, -176.10, 28.51, 49.51, -10.05, 7
7456, 1.10, -1.06, 0.64, 11.71, 99.88, -145.79, 28.51, 54.31, -10.80, 7
7466, 1.00, -1.15, 0.57, 30.43, 113.72, -118.84, 29.11, 54.76, -9.90, 7
7476, 0.63, -1.55, 0.49, 54.94, 112.13, -88.84, 28.36, 56.26, -9.90, 7
7486, 0.45, -1.00, 0.92, 78.90, 106.89, -53.35, 28.06, 57.01, -10.95, 7
7496, 0.32, -0.68, 0.27, 38.60, 108.96, 2.56, 27.16, 58.96, -11.55, 7
7507, 0.25, -0.79, 0.23, -21.65, 128.90, 71.77, 28.06, 60.92, -9.30, 7
7517, 0.49, -0.87, 0.16, -29.57, 143.48, 134.63, 26.71, 63.62, -8.70, 7
7527, 0.75, -0.92, 0.24, -38.05, 143.48, 175.12, 26.26, 63.47, -10.20, 7
7537, 0.76, -0.87, 0.24, -50.55, 133.48, 202.99, 25.36, 65.12, -10.50, 7
7547, 0.66, -0.69, 0.10, -62.50, 120.61, 229.33, 23.86, 67.97, -9.75, 7
7557, 0.58, -0.53, -0.05, -75.06, 105.79, 257.99, 21.91, 66.02, -9.30, 7
7567, 0.58, -0.38, -0.12, -74.39, 88.72, 284.63, 21.31, 67.52, -10.80, 7
7602, 0.53, -0.26, -0.14, -57.74, 67.93, 307.38, 19.05, 68.87, -10.20, 7
7612, 0.45, -0.18, -0.12, -37.50, 47.26, 327.56, 18.90, 71.12, -9.00, 7
7622, 0.30, -0.29, -0.10, -25.30, 34.21, 344.63, 18.15, 69.32, -10.05, 7
7632, 0.16, -0.42, -0.09, -13.96, 30.73, 358.54, 19.20, 70.07, -10.05, 7
7642, 0.05, -0.54, -0.14, -4.39, 30.30, 368.29, 19.80, 69.62, -10.65, 7
7652, -0.07, -0.67, -0.16, -2.93, 26.52, 372.44, 21.61, 70.67, -9.30, 7
7662, -0.21, -0.76, -0.11, -1.65, 21.28, 368.60, 21.16, 68.87, -12.30, 7
7672, -0.28, -0.83, -0.12, -6.65, 14.45, 362.80, 24.01, 70.67, -12.00, 7
7683, -0.35, -0.74, -0.06, -12.26, 9.63, 359.76, 24.01, 69.62, -11.25, 7
7693, -0.50, -0.66, -0.04, -12.74, 9.88, 355.91, 25.66, 69.02, -13.20, 7
7703, -0.66, -0.59, 0.10, -1.65, 15.79, 348.60, 25.81, 67.82, -12.30, 7
7713, -0.83, -0.51, 0.05, 4.21, 15.98, 335.37, 26.41, 69.02, -11.85, 7
7723, -1.05, -0.54, 0.06, -3.60, 10.67, 321.95, 28.51, 68.27, -12.90, 7
7733, -1.23, -0.50, 0.24, 14.51, 14.27, 305.00, 28.36, 68.42, -14.10, 7
7768, -1.25, -0.49, 0.28, 43.96, 16.28, 280.79, 28.66, 61.67, -13.05, 7
7778, -1.28, -0.55, 0.29, 47.68, 7.56, 254.76, 25.36, 62.87, -12.15, 7
7788, -1.36, -0.58, 0.31, 31.28, -2.87, 231.71, 22.96, 63.02, -10.65, 7
7798, -1.37, -0.69, 0.24, 6.52, -2.62, 206.65, 22.81, 60.77, -10.50, 7
7808, -1.36, -0.72, 0.40, -26.71, -2.99, 176.71, 23.11, 61.07, -11.10, 7
7818, -1.26, -0.54, 0.43, -74.70, -9.51, 140.61, 21.16, 59.11, -9.60, 7
7828, -1.03, -0.30, 0.22, -142.32, -14.76, 107.13, 23.86, 59.71, -10.80, 7
7838, -0.83, -0.10, -0.00, -191.52, -20.49, 79.51, 25.96, 58.21, -10.05, 7
7848, -0.81, -0.01, -0.13, -207.32, -29.09, 52.44, 25.06, 57.31, -10.65, 7
7858, -0.81, 0.06, -0.14, -191.52, -39.33, 24.57, 24.76, 58.81, -10.95, 7
7868, -0.83, 0.06, -0.19, -168.54, -45.06, -1.40, 25.36, 57.16, -11.10, 7
7879, -0.83, 0.02, -0.14, -151.95, -45.73, -22.62, 25.51, 57.61, -9.90, 7
7889, -0.83, 0.05, -0.13, -135.73, -45.73, -39.39, 26.41, 57.16, -9.00, 7
7899, -0.82, 0.13, -0.13, -117.44, -42.56, -51.28, 25.66, 56.11, -10.80, 7
7934, -0.75, 0.21, -0.14, -102.20, -37.20, -57.56, 26.26, 56.26, -8.55, 7
7944, -0.71, 0.19, -0.16, -93.35, -32.32, -60.43, 27.76, 56.41, -8.10, 7
7954, -0.67, 0.13, -0.24, -84.27, -27.62, -62.99, 26.41, 56.71, -9.75, 7
7964, -0.68, -0.17, -0.25, -83.05, -27.68, -68.29, 25.66, 57.91, -11.10, 7
7974, -0.95, -0.31, 0.47, -53.60, -77.56, -102.93, 27.46, 56.41, -10.50, 7
7984, -1.71, 1.84, 0.78, 166.46, -103.05, -174.21, 27.16, 58.51, -10.20, 7
7994, -2.00, 2.00, 0.75, 137.68, -80.79, -231.77, 28.66, 57.31, -9.60, 7
8005, -1.48, 0.58, -0.07, 112.26, -39.21, -202.13, 27.31, 56.26, -10.20, 7
8015, -1.19, 0.94, 0.52, 311.95, -19.76, -57.38, 27.16, 57.91, -10.05, 7
8025, -1.61, -0.27, 0.15, 260.12, -49.09, -19.57, 27.31, 57.61, -9.30, 7
8035, -2.00, -1.53, 0.40, 80.18, -77.26, -83.48, 25.66, 56.71, -9.75, 7
8045, -1.94, -0.72, -0.06, 35.67, -51.95, -134.09, 27.61, 58.06, -12.00, 7
8055, -1.56, -0.67, 0.05, -58.90, -35.85, -140.85, 27.46, 58.96, -9.45, 7
8065, -1.03, -0.23, 0.51, -44.09, -17.62, -126.40, 29.11, 56.26, -10.95, 7
8100, -0.76, -0.43, 0.37, -31.89, -9.70, -112.20, 28.66, 55.51, -9.60, 7
8110, -0.86, -0.34, 0.41, -4.15, -10.18, -93.48, 28.96, 55.66, -11.55, 7
8120, -1.53, -0.32, -0.09, 12.99, -16.83, -77.44, 29.11, 55.81, -10.95, 7
8130, -1.97, -0.47, 0.04, 23.17, -9.76, -73.72, 28.96, 54.91, -9.45, 7
8140, -1.82, -0.83, 0.23, 27.68, 1.22, -76.34, 28.36, 56.26, -10.65, 7
8150, -1.23, -0.99, 0.35, 18.41, 7.13, -84.63, 31.36, 53.56, -11.55, 7
8161, -0.73, -1.10, 0.42, 10.37, 10.91, -85.00, 31.06, 53.56, -11.10, 7
8171, -0.35, -1.04, 0.45, 3.41, 15.61, -72.99, 31.06, 54.61, -10.80, 7
8181, -0.26, -0.93, 0.42, -7.93, 18.66, -51.16, 31.21, 52.21, -11.70, 7
8191, -0.55, -0.87, 0.36, -19.94, 17.38, -30.43, 30.01, 51.31, -12.90, 7
8201, -0.88, -0.78, 0.28, -27.87, 16.22, -16.22, 31.81, 49.96, -11.10, 7
8211, -1.14, -0.59, 0.19, -34.45, 17.38, -8.72, 30.31, 50.26, -10.05, 7
8221, -1.29, -0.37, 0.10, -35.49, 20.00, -6.52, 32.11, 48.91, -12.90, 7
8231, -1.26, -0.24, 0.06, -28.78, 23.41, -8.23, 33.01, 46.21, -10.20, 7
8266, -1.07, -0.21, 0.05, -18.29, 24.76, -12.07, 31.96, 41.56, -10.95, 7
8276, -0.90, -0.23, 0.05, -8.84, 24.09, -15.67, 33.16, 40.96, -12.45, 7
8286, -0.79, -0.24, 0.07, -3.96, 23.17, -15.55, 32.11, 39.91, -12.15, 7
8296, -0.76, -0.23, 0.07, -2.80, 20.79, -13.17, 30.91, 39.31, -12.00, 7
8306, -0.82, -0.20, 0.09, -3.23, 17.50, -12.62, 31.81, 37.36, -13.50, 7
8316, -0.90, -0.16, 0.07, -6.89, 14.33, -15.91, 32.11, 37.66, -11.55, 7
8326, -0.95, -0.10, 0.06, -11.59, 12.20, -21.71, 32.11, 35.26, -12.15, 7
8336, -0.96, -0.02, 0.04, -15.49, 11.22, -28.29, 30.91, 37.21, -11.70, 7
8346, -0.95, 0.04, 0.05, -17.13, 10.79, -35.12, 30.61, 37.06, -9.75, 7
8356, -0.92, 0.09, 0.07, -15.55, 9.21, -42.26, 28.21, 35.26, -9.00, 7
8366, -0.94, 0.13, 0.09, -13.23, 6.77, -50.85, 29.11, 36.16, -10.65, 7
8376, -0.92, 0.16, 0.10, -11.95, 4.70, -61.52, 27.61, 37.96, -10.20, 7
8386, -0.90, 0.14, 0.12, -12.80, 2.99, -73.29, 26.56, 36.46, -9.30, 7
8396, -0.89, 0.15, 0.13, -12.99, 1.40, -85.49, 27.31, 38.26, -9.60, 7
8431, -0.90, 0.15, 0.10, -15.00, 2.87, 1383.48, 26.71, 41.26, -10.05, 7
8505, 0.16, -0.46, -0.17, -60.43, -32.07, 382.99, 33.16, 53.86, -13.20, 7
8516, 0.04, -0.53, -0.14, -46.16, -34.27, 392.13, 32.11, 57.46, -12.90, 7
8526, -0.12, -0.59, -0.15, -38.78, -40.37, 397.68, 31.96, 57.31, -13.35, 7
8535, -0.29, -0.45, -0.26, -27.13, -48.96, 398.84, 31.81, 59.71, -10.80, 7
8546, -0.54, -0.36, -0.33, -18.17, -55.91, 392.74, 32.86, 61.07, -10.80, 7
8555, -0.82, -0.27, -0.25, 8.78, -52.50, 377.68, 29.56, 62.12, -13.50, 7
8566, -1.01, -0.41, -0.06, 32.68, -36.95, 354.21, 29.26, 65.42, -12.45, 7
8576, -1.07, -0.50, 0.11, 50.98, -17.44, 330.30, 26.86, 66.62, -11.70, 7
8585, -1.07, -0.59, 0.03, 44.45, -12.26, 310.49, 25.96, 65.72, -11.55, 7
8596, -1.12, -0.56, 0.07, 37.99, -16.46, 295.79, 26.26, 68.12, -12.00, 7
8606, -1.16, -0.57, 0.03, 49.02, -18.90, 281.10, 24.01, 68.12, -10.95, 7
8616, -1.35, -0.63, 0.20, 58.05, -19.76, 262.20, 22.51, 69.77, -10.50, 7
8626, -1.37, -0.57, 0.23, 36.52, -15.61, 236.40, 21.16, 69.92, -10.65, 7
8660, -1.32, -0.50, 0.07, -29.76, -12.13, 206.95, 21.31, 70.52, -10.05, 7
8670, -1.21, -0.44, 0.18, -91.65, -7.50, 180.06, 20.71, 71.87, -10.80, 7
8679, -1.17, -0.35, 0.16, -130.24, -10.67, 153.78, 22.66, 72.47, -11.25, 7
8689, -1.15, -0.23, 0.08, -156.89, -21.89, 129.63, 20.71, 71.87, -12.15, 7
8699, -1.09, -0.02, -0.04, -160.24, -28.17, 103.84, 22.96, 72.02, -10.95, 7
8708, -0.99, 0.18, -0.23, -147.13, -32.50, 76.59, 23.86, 71.87, -12.45, 7
8718, -0.92, 0.28, -0.32, -123.29, -34.45, 48.72, 25.06, 72.47, -12.30, 7
8728, -0.88, 0.30, -0.30, -95.98, -33.84, 22.87, 24.01, 70.22, -11.70, 7
8737, -0.86, 0.27, -0.19, -78.78, -30.30, -0.12, 24.01, 71.42, -12.30, 7
8747, -0.89, 0.22, -0.10, -65.73, -23.35, -17.74, 24.31, 70.52, -10.80, 7
8756, -0.93, 0.23, -0.03, -55.18, -17.26, -30.00, 24.76, 70.67, -12.30, 7
8766, -0.95, 0.32, -0.04, -43.23, -13.90, -41.28, 25.36, 72.32, -12.45, 7
8775, -0.94, 0.40, -0.12, -27.68, -7.13, -54.39, 26.56, 70.97, -12.75, 7
8785, -0.88, 0.31, -0.21, -10.49, -1.28, -67.74, 25.51, 69.92, -11.25, 7
8819, -0.79, 0.36, 0.22, 19.09, -20.79, -96.83, 23.11, 66.17, -9.45, 7
8829, -1.26, 1.17, 0.37, 143.17, -70.43, -154.45, 20.56, 66.32, -9.30, 7
8838, -1.38, 2.00, 1.01, 250.73, -62.01, -175.55, 19.65, 64.67, -10.50, 7
8848, -1.96, 1.47, 0.64, 237.01, -104.57, -164.27, 19.35, 65.27, -7.20, 7
8858, -1.97, -0.44, -0.29, 197.93, -58.11, -110.79, 19.35, 63.47, -8.55, 7
8867, -1.50, -0.27, 0.05, 224.76, -20.30, -50.37, 21.61, 62.72, -9.60, 7
8877, -1.50, -1.28, 0.38, 106.04, -53.23, -47.87, 22.21, 61.97, -9.60, 7
8886, -1.54, -0.96, -0.52, -35.61, -52.38, -118.48, 23.41, 62.42, -8.25, 7
8896, -1.37, -0.66, -0.11, -53.96, -50.79, -142.38, 22.66, 61.67, -9.60, 7
8905, -0.92, -0.58, 0.16, -55.49, -36.40, -132.50, 21.31, 60.02, -10.05, 7
8915, -0.42, -0.77, 0.70, -27.44, -18.66, -114.82, 22.51, 62.57, -10.50, 7
8925, -0.25, -0.19, 0.69, 13.23, -9.88, -95.00, 22.51, 62.57, -10.50, 7
8934, -1.04, 0.35, 0.10, 15.61, -26.28, -67.32, 22.51, 62.12, -10.05, 7
8944, -2.00, -0.10, -0.29, 10.67, -31.65, -36.16, 23.56, 62.12, -10.80, 7
8978, -2.00, -0.75, 0.15, 8.17, -11.77, -29.27, 24.46, 60.62, -9.30, 7
8988, -1.56, -0.63, 0.28, 1.22, 6.59, -55.30, 24.01, 61.67, -8.25, 7
8997, -0.96, -0.43, 0.16, -16.52, -3.35, -80.61, 23.71, 60.92, -8.55, 7
9006, -0.67, -0.40, 0.22, -24.21, -10.55, -82.50, 23.41, 62.42, -9.30, 7
9016, -0.47, -0.43, 0.36, -17.50, -4.94, -64.88, 23.56, 61.52, -10.80, 7
9025, -0.52, -0.59, 0.46, -12.99, 1.59, -43.23, 23.56, 60.77, -9.75, 7
9035, -0.85, -0.64, 0.50, -16.95, 2.01, -31.40, 23.86, 61.82, -9.75, 7
9044, -1.14, -0.54, 0.39, -24.82, 1.28, -26.71, 23.86, 61.82, -8.10, 7
9054, -1.34, -0.41, 0.32, -29.39, 4.82, -23.96, 25.66, 60.02, -8.70, 7
9063, -1.28, -0.32, 0.25, -26.65, 12.68, -21.52, 24.46, 60.92, -8.85, 7
9073, -1.04, -0.30, 0.24, -18.35, 18.84, -20.49, 24.61, 60.32, -10.05, 7
9082, -0.86, -0.31, 0.18, -9.45, 21.16, -19.09, 24.46, 59.86, -8.55, 7
9092, -0.79, -0.31, 0.13, -4.09, 20.43, -14.76, 23.41, 62.42, -9.60, 7
9101, -0.83, -0.30, 0.05, -0.61, 19.39, -8.35, 25.36, 61.52, -9.00, 7
9136, -0.92, -0.25, -0.01, 2.80, 18.23, -4.02, 25.66, 61.82, -8.40, 7
9145, -0.99, -0.20, -0.01, 5.12, 15.85, -4.09, 26.56, 60.17, -7.80, 7
9154, -1.02, -0.16, 0.02, 5.91, 12.50, -7.68, 26.56, 60.17, -7.80, 7
9164, -0.99, -0.11, 0.05, 3.23, 10.18, -12.99, 24.76, 60.62, -7.50, 7
9173, -0.94, -0.05, 0.07, -0.79, 8.54, -18.23, 26.56, 61.97, -10.20, 7
9183, -0.89, 0.01, 0.09, -5.61, 7.44, -22.50, 24.61, 59.26, -9.75, 7
9192, -0.88, 0.07, 0.09, -9.88, 5.98, -27.01, 26.56, 60.92, -9.30, 7
9201, -0.89, 0.12, 0.09, -13.11, 4.82, -33.29, 25.96, 58.96, -7.65, 7
9211, -0.93, 0.16, 0.12, -13.54, 3.17, -41.04, 28.96, 57.46, -9.75, 7
9220, -0.94, 0.18, 0.11, -11.10, 1.71, -49.39, 26.71, 60.02, -9.75, 7
9230, -0.94, 0.20, 0.11, -8.17, 0.43, -58.23, 26.71, 58.21, -10.05, 7
9239, -0.92, 0.23, 0.11, -6.71, -0.30, -67.62, 28.36, 57.31, -8.85, 7
9248, -0.91, 0.27, 0.09, -5.06, -1.71, -77.44, 29.56, 54.91, -9.75, 7
9258, -0.92, 0.26, 0.09, -5.79, -2.62, -88.29, 29.41, 55.21, -10.20, 7
9267, -0.93, 0.26, 0.10, -5.06, -3.54, -100.24, 28.51, 53.56, -9.75, 7
9302, -0.90, 0.19, 0.07, -7.38, -4.70, -113.35, 30.31, 52.06, -10.80, 7
9311, -0.85, 0.10, 0.05, -10.85, -6.59, -126.22, 31.06, 50.71, -10.05, 7
9321, -0.80, 0.01, 0.02, -14.88, -9.02, -139.15, 31.51, 48.61, -10.20, 7
9330, -0.79, 0.02, 0.06, -21.40, -12.13, -151.46, 31.96, 47.56, -12.75, 7
9340, -0.80, -0.05, 0.05, -25.79, -14.76, -160.24, 31.96, 47.56, -10.65, 7
9349, -0.83, -0.29, 0.13, -24.39, -19.02, -165.37, 32.11, 46.36, -10.80, 7
9359, -0.87, -0.42, 0.11, -25.37, -25.79, -169.21, 33.16, 44.56, -12.15, 7
9368, -0.99, -0.52, -0.03, -45.18, -27.99, -174.39, 32.71, 43.66, -12.75, 7
9378, -0.99, -0.52, -0.12, -65.24, -23.96, -182.13, 31.36, 43.06, -12.45, 7
9388, -0.92, -0.42, -0.13, -71.71, -20.98, -187.87, 33.46, 40.21, -12.45, 7
9397, -1.08, -0.20, -0.09, -71.40, -22.80, -193.11, 31.96, 42.16, -11.25, 7
9407, -1.46, -0.05, -0.08, -67.26, -24.09, -202.13, 32.41, 40.66, -12.90, 7
9416, -1.86, -0.25, -0.11, -54.45, -23.54, -212.99, 33.16, 38.41, -12.45, 7
9426, -2.00, -0.57, -0.09, -37.74, -23.29, -222.68, 32.71, 38.26, -10.95, 7
9461, -2.00, -0.76, -0.02, -34.88, -24.39, -230.98, 31.81, 39.91, -10.80, 7
9470, -2.00, -0.78, -0.04, -46.89, -20.79, -235.30, 32.26, 40.36, -8.25, 7
9480, -2.00, -0.76, -0.05, -62.13, -9.51, -232.93, 30.16, 40.81, -10.65, 7
9489, -1.81, -0.68, -0.01, -64.21, 3.41, -226.16, 29.56, 42.76, -11.10, 7
9499, -1.37, -0.60, 0.08, -54.51, 13.23, -212.44, 30.61, 43.06, -10.50, 7
9508, -0.88, -0.51, 0.19, -39.51, 18.90, -192.32, 31.21, 45.76, -10.20, 7
9518, -0.45, -0.43, 0.27, -15.91, 21.77, -168.11, 31.81, 46.66, -11.55, 7
9528, 0.02, -0.43, 0.31, 4.21, 22.80, -135.98, 33.76, 48.61, -13.05, 7
9537, 0.50, -0.70, 0.38, 25.55, 15.06, -92.01, 33.31, 49.81, -13.35, 7
9547, 0.91, -1.06, 0.41, 76.89, 12.26, -37.74, 34.21, 51.31, -13.95, 7
9556, 0.99, -1.63, 0.63, 106.52, 19.76, 17.87, 34.96, 53.11, -13.50, 7
9566, 0.78, -1.66, 0.96, 116.40, 42.68, 69.02, 33.16, 54.91, -13.50, 7
9575, 0.46, -1.37, 0.74, 55.30, 65.00, 102.38, 35.86, 57.61, -13.35, 7
9585, 0.04, -0.94, 0.44, -19.02, 66.71, 130.67, 35.86, 57.61, -13.35, 7
9619, -0.16, -0.49, 0.04, -70.43, 65.43, 162.56, 32.11, 62.12, -10.80, 7
9629, -0.07, -0.34, -0.18, -103.90, 67.01, 194.57, 30.91, 64.52, -12.00, 7
9639, 0.15, -0.47, -0.13, -97.13, 66.40, 224.15, 26.56, 64.82, -12.30, 7
9648, 0.32, -0.59, -0.05, -77.38, 60.73, 246.95, 27.61, 68.42, -12.00, 7
9658, 0.32, -0.64, -0.01, -67.26, 47.32, 262.74, 25.36, 67.22, -11.55, 7
9667, 0.11, -0.68, 0.03, -69.27, 35.61, 273.84, 24.01, 68.87, -10.95, 7
9677, -0.10, -0.64, 0.04, -75.67, 30.06, 282.74, 21.91, 68.12, -12.00, 7
9687, -0.23, -0.53, -0.01, -76.95, 29.02, 290.98, 21.61, 69.92, -10.95, 7
9696, -0.24, -0.38, -0.08, -68.05, 28.84, 301.59, 22.21, 70.97, -10.20, 7
9706, -0.19, -0.31, -0.21, -44.63, 20.98, 315.67, 20.56, 72.77, -8.55, 7
9715, -0.21, -0.20, -0.31, -2.01, 7.74, 329.88, 19.65, 72.32, -9.45, 7
9725, -0.35, -0.16, -0.36, 46.71, -5.73, 338.11, 19.65, 72.32, -9.45, 7
9734, -0.63, -0.33, -0.25, 81.46, -15.30, 335.37, 19.95, 71.12, -10.80, 7
9744, -0.93, -0.65, -0.02, 95.30, -12.44, 325.30, 21.31, 71.57, -11.85, 7
9774, -1.08, -0.87, 0.18, 91.10, 4.45, 314.51, 22.51, 71.12, -9.75, 7
9784, -1.05, -0.78, 0.19, 65.30, 20.49, 302.62, 23.56, 70.52, -9.75, 7
9793, -0.97, -0.55, 0.14, 35.37, 22.62, 286.71, 22.51, 69.32, -10.50, 7
9803, -0.88, -0.36, 0.09, 28.11, 15.67, 266.83, 24.31, 69.02, -11.55, 7
9813, -0.87, -0.27, 0.06, 37.56, 8.17, 246.89, 23.71, 70.22, -10.95, 7
9822, -0.96, -0.26, 0.05, 38.78, -0.37, 229.45, 24.61, 68.72, -10.05, 7
9832, -1.10, -0.39, 0.01, 27.50, -4.57, 212.62, 25.06, 68.87, -10.65, 7
9841, -1.14, -0.55, 0.19, 13.90, -5.30, 190.55, 25.96, 69.32, -10.50, 7
9851, -1.19, -0.54, 0.32, -4.88, -10.91, 161.77, 24.61, 67.52, -12.15, 7
9860, -1.10, -0.38, 0.19, -36.77, -19.51, 129.21, 23.86, 65.42, -10.50, 7
9870, -0.97, -0.26, -0.02, -65.43, -25.00, 99.70, 23.56, 65.42, -10.80, 7
9879, -0.89, -0.16, -0.06, -68.41, -26.71, 73.72, 20.71, 62.87, -10.80, 7
9889, -0.83, -0.13, -0.12, -60.55, -30.06, 47.38, 18.90, 63.62, -8.10, 7
9899, -0.79, -0.09, -0.14, -63.17, -34.02, 21.46, 19.20, 62.57, -8.10, 7
9933, -0.76, -0.08, -0.13, -73.72, -36.52, -2.87, 20.71, 60.32, -7.05, 7
9943, -0.76, -0.05, -0.14, -82.20, -37.74, -25.37, 21.76, 60.32, -6.60, 7
9953, -0.75, -0.02, -0.17, -83.96, -35.98, -44.63, 20.86, 59.86, -7.50, 7
9963, -0.71, 0.07, -0.24, -76.28, -33.78, -59.51, 19.65, 61.07, -7.65, 7
9973, -0.68, 0.15, -0.33, -59.09, -32.99, -70.49, 20.86, 59.41, -8.55, 7
9983, -0.64, 0.21, -0.38, -33.17, -25.73, -78.11, 20.11, 59.86, -8.25, 7
9993, -0.62, 0.12, -0.53, -0.55, -15.79, -85.55, 20.71, 58.96, -8.40, 7
10004, -0.59, -0.33, -0.56, 13.78, -21.22, -98.90, 22.51, 57.91, -7.65, 7
10014, -1.19, 0.17, 0.83, 130.37, -87.93, -158.23, 22.81, 58.96, -7.35, 7
10024, -1.59, 1.40, 1.96, 320.67, -69.88, -228.29, 22.66, 59.41, -8.55, 7
10034, -2.00, 0.67, -0.69, 151.77, -103.23, -268.05, 22.66, 60.17, -7.80, 7
10044, -1.25, 0.15, -0.01, 174.76, -32.07, -193.41, 23.11, 57.16, -8.10, 7
10054, -1.25, 0.65, 1.46, 297.74, -39.70, -37.56, 23.41, 57.61, -7.50, 7
10064, -1.89, -1.59, 0.50, 118.41, -71.83, -29.39, 24.01, 59.11, -7.80, 7
10099, -2.00, -1.05, -0.48, 47.50, -84.33, -103.48, 23.86, 58.21, -8.10, 7
10109, -2.00, -0.71, 0.26, -55.91, -56.40, -129.76, 24.76, 59.11, -7.80, 7
10119, -1.57, -0.20, 0.08, -53.96, -34.63, -125.00, 23.41, 57.61, -6.15, 7
10129, -1.15, -0.22, 0.07, -38.72, -24.21, -114.27, 25.06, 58.06, -7.80, 7
10139, -0.92, -0.56, 0.30, -5.55, -20.30, -102.07, 25.06, 58.36, -9.60, 7
10149, -0.92, -0.87, 0.42, 13.35, -22.99, -90.18, 23.71, 59.41, -6.75, 7
10159, -1.12, -0.90, 0.20, -0.49, -18.78, -76.65, 25.36, 58.21, -8.40, 7
10169, -1.29, -0.80, 0.22, -12.13, -11.77, -67.87, 24.61, 57.91, -8.40, 7
10179, -1.36, -0.82, 0.29, -20.55, -6.71, -59.82, 25.81, 58.36, -7.80, 7
10189, -1.29, -0.76, 0.30, -30.85, -0.43, -54.09, 25.36, 58.21, -9.75, 7
10199, -1.07, -0.74, 0.30, -36.71, 2.74, -52.74, 26.71, 58.96, -9.45, 7
10209, -0.83, -0.63, 0.36, -33.60, 5.30, -49.39, 27.16, 55.66, -8.10, 7
10219, -0.73, -0.48, 0.37, -28.48, 7.20, -42.26, 23.86, 57.91, -8.70, 7
10229, -0.78, -0.31, 0.30, -22.99, 6.65, -32.38, 26.71, 55.36, -8.70, 7
10264, -0.97, -0.23, 0.30, -12.80, 6.10, -24.63, 27.46, 54.91, -7.65, 7
10274, -1.08, -0.33, 0.28, 0.24, 8.48, -21.16, 27.46, 53.86, -7.65, 7
10284, -1.10, -0.39, 0.24, 6.59, 10.49, -21.22, 27.46, 52.81, -7.65, 7
10294, -1.03, -0.46, 0.18, 3.23, 11.83, -24.45, 28.51, 53.11, -8.10, 7
10304, -0.91, -0.48, 0.16, -4.76, 14.15, -26.28, 29.26, 51.31, -8.40, 7
10314, -0.83, -0.42, 0.17, -13.41, 15.67, -24.82, 28.96, 51.76, -9.00, 7
10324, -0.79, -0.37, 0.14, -21.59, 15.43, -21.71, 30.91, 49.81, -9.30, 7
10334, -0.82, -0.29, 0.12, -26.22, 14.15, -20.73, 30.46, 48.31, -9.60, 7
10344, -0.84, -0.19, 0.11, -26.04, 13.23, -22.93, 28.51, 47.41, -10.05, 7
10354, -0.84, -0.09, 0.10, -22.38, 12.32, -26.10, 28.06, 47.26, -9.90, 7
10365, -0.86, -0.06, 0.13, -15.61, 9.88, -29.33, 31.06, 45.31, -9.45, 7
10375, -0.88, -0.07, 0.14, -9.39, 6.22, -33.78, 30.16, 44.71, -10.65, 7
10385, -0.90, -0.10, 0.12, -8.29, 3.66, -39.45, 31.21, 42.61, -9.90, 7
10394, -0.92, -0.11, 0.14, -12.68, 2.62, -45.91, 31.81, 42.01, -10.80, 7
10429, -0.89, -0.04, 0.11, -19.39, 2.13, -53.96, 31.51, 37.51, -8.55, 7
10439, -0.88, 0.02, 0.10, -25.91, 1.77, -63.17, 31.51, 36.16, -9.90, 7
10449, -0.86, 0.10, 0.09, -27.62, -0.06, -73.35, 31.06, 35.86, -10.50, 7
10459, -0.86, 0.15, 0.10, -25.98, -2.07, -84.70, 31.06, 37.36, -10.05, 7
10469, -0.87, 0.16, 0.11, -24.45, -4.70, -96.59, 30.01, 36.61, -9.45, 7
10479, -0.85, 0.21, 0.08, -22.44, -5.73, -109.51, 29.56, 35.86, -10.05, 7
10489, -0.86, 0.20, 0.05, -22.74, -6.71, -120.91, 28.66, 37.21, -10.20, 7
10499, -0.87, 0.08, 0.04, -18.41, -9.33, -131.95, 28.51, 37.36, -10.50, 7
10509, -0.89, -0.11, 0.02, -14.70, -14.63, -144.51, 28.96, 39.91, -10.50, 7
10519, -0.89, -0.28, 0.03, -20.67, -20.61, -156.46, 29.56, 41.26, -10.80, 7
10529, -0.90, -0.34, 0.00, -33.23, -23.11, -165.55, 31.06, 41.71, -9.00, 7
10540, -0.90, -0.45, -0.02, -44.63, -22.44, -172.56, 31.36, 42.46, -10.05, 7
10550, -1.01, -0.36, 0.06, -45.55, -24.51, -179.76, 31.36, 45.31, -10.50, 7
10560, -1.30, -0.14, 0.02, -47.01, -27.93, -189.21, 32.26, 45.76, -12.00, 7
10595, -1.49, -0.14, -0.06, -47.50, -25.79, -200.18, 35.71, 51.01, -11.10, 7
10605, -1.48, -0.21, -0.09, -41.77, -23.72, -212.93, 34.36, 52.96, -11.70, 7
10615, -1.51, -0.40, -0.10, -38.54, -26.83, -225.73, 33.46, 54.91, -11.55, 7
10625, -1.81, -0.59, -0.06, -41.28, -33.11, -235.12, 34.66, 56.11, -12.90, 7
10635, -2.00, -0.66, -0.02, -48.78, -37.32, -238.35, 34.81, 58.36, -12.75, 7
10646, -2.00, -0.69, 0.04, -59.51, -34.02, -236.10, 34.21, 61.07, -11.55, 7
10656, -2.00, -0.73, 0.08, -67.80, -24.63, -232.74, 33.31, 61.97, -14.70, 7
10666, -1.97, -0.79, 0.12, -69.45, -14.02, -231.16, 29.41, 66.02, -13.35, 7
10676, -1.36, -0.86, 0.12, -68.90, -5.00, -219.21, 28.66, 67.37, -12.00, 7
10686, -0.72, -0.92, 0.21, -62.07, 8.66, -194.21, 26.86, 69.17, -13.80, 7
10696, -0.12, -0.98, 0.15, -54.82, 25.06, -169.45, 25.96, 69.32, -13.20, 7
10706, 0.64, -1.16, 0.29, -45.06, 40.73, -148.41, 23.11, 71.12, -10.80, 7
10716, 1.33, -1.33, 0.49, -6.71, 46.52, -125.61, 20.71, 71.57, -10.05, 7
10751, 1.09, -1.59, 0.54, 51.77, 38.41, -92.38, 18.00, 72.47, -10.20, 7
10761, 0.31, -1.66, 0.83, 76.52, 33.60, -46.77, 15.60, 73.67, -9.45, 7
10771, 0.00, -0.84, 0.60, 76.52, 45.98, 7.38, 16.65, 74.12, -10.50, 7
10782, -0.03, -0.36, -0.18, -10.79, 63.41, 69.15, 14.25, 72.62, -10.05, 7
10792, 0.10, -0.35, -0.21, -39.51, 67.62, 127.32, 15.90, 72.77, -9.90, 7
10802, 0.34, -0.55, -0.06, -4.39, 60.85, 170.43, 17.55, 73.52, -10.65, 7
10812, 0.56, -0.74, 0.13, 12.07, 51.95, 202.20, 17.85, 71.87, -9.00, 7
10822, 0.54, -0.85, 0.22, 9.02, 42.62, 228.84, 19.05, 71.72, -9.60, 7
10832, 0.35, -0.82, 0.16, -22.62, 35.85, 249.15, 20.26, 72.32, -10.80, 7
10842, 0.25, -0.76, 0.04, -65.85, 38.66, 269.15, 22.21, 70.67, -10.65, 7
10852, 0.24, -0.61, -0.06, -98.90, 41.89, 288.05, 22.06, 67.52, -11.85, 7
10862, 0.28, -0.46, -0.13, -115.06, 35.67, 306.10, 22.81, 66.17, -10.05, 7
10872, 0.32, -0.39, -0.14, -113.48, 24.70, 326.10, 22.96, 65.57, -10.95, 7
10883, 0.30, -0.35, -0.13, -99.09, 10.30, 345.49, 21.01, 64.67, -9.00, 7
10918, 0.07, -0.41, -0.19, -67.32, -12.01, 371.71, 21.16, 62.42, -7.50, 7
10928, -0.11, -0.46, -0.18, -58.48, -19.27, 382.01, 20.86, 62.72, -7.80, 7
10938, -0.24, -0.35, -0.16, -51.83, -19.33, 388.84, 20.11, 61.67, -7.50, 7
10948, -0.47, -0.22, -0.32, -38.78, -19.88, 387.13, 22.06, 60.77, -8.10, 7
10958, -0.73, -0.22, -0.30, -9.39, -15.37, 372.87, 22.21, 61.97, -7.80, 7
10968, -0.90, -0.28, -0.25, 25.49, -2.01, 353.66, 20.11, 61.22, -7.20, 7
10978, -1.01, -0.37, -0.17, 46.71, 7.38, 336.77, 20.11, 60.17, -7.20, 7
10988, -1.14, -0.31, -0.11, 67.26, 12.74, 324.09, 20.26, 61.07, -8.10, 7
10998, -1.23, -0.28, -0.04, 98.05, 22.93, 310.30, 22.81, 59.26, -7.35, 7
11008, -1.26, -0.32, 0.08, 149.76, 32.44, 291.71, 21.16, 60.62, -5.85, 7
11018, -1.39, -0.27, 0.15, 191.89, 28.29, 266.59, 20.26, 60.77, -6.60, 7
11028, -1.54, -0.39, 0.07, 180.49, 19.76, 235.06, 21.61, 60.92, -5.85, 7
11038, -1.49, -0.51, 0.31, 143.11, 23.72, 203.66, 22.51, 60.32, -7.05, 7
11048, -1.33, -0.52, 0.30, 95.79, 23.11, 171.95, 21.16, 60.62, -6.45, 7
11083, -0.77, -0.21, -0.17, -1283.05, 1107.87, -181.71, 23.56, 61.07, -7.65, 7
11157, -0.89, 0.06, 0.00, -25.37, 6.65, -33.48, 24.61, 60.77, -8.40, 7
11168, -0.89, 0.16, 0.02, -30.49, 3.96, -41.59, 25.06, 60.92, -7.50, 7
11177, -0.92, 0.27, 0.04, -32.13, 0.79, -50.61, 23.41, 59.86, -7.50, 7
11188, -0.94, 0.32, 0.06, -27.87, -1.65, -61.59, 24.31, 60.77, -6.30, 7
11197, -0.93, 0.37, 0.08, -20.73, -5.00, -74.33, 25.66, 58.21, -8.70, 7
11208, -0.94, 0.37, 0.07, -15.37, -6.89, -88.11, 26.26, 60.92, -8.85, 7
11217, -0.92, 0.37, 0.08, -11.16, -9.88, -102.38, 25.36, 59.71, -7.05, 7
11228, -0.95, 0.36, 0.08, -8.84, -14.94, -117.44, 27.46, 58.51, -9.75, 7
11237, -1.00, 0.25, 0.03, -12.80, -19.63, -132.87, 25.06, 57.31, -7.80, 7
11248, -1.08, 0.13, -0.02, -15.98, -22.87, -148.96, 27.46, 56.71, -8.40, 7
11257, -1.19, -0.01, -0.11, -24.27, -24.21, -166.34, 29.11, 56.56, -7.50, 7
11267, -1.18, -0.10, -0.13, -33.29, -25.55, -185.18, 26.71, 56.41, -9.45, 7
11277, -1.08, -0.21, -0.16, -39.51, -27.20, -199.76, 29.41, 54.01, -7.50, 7
11312, -0.99, -0.36, -0.17, -45.61, -30.49, -209.51, 30.01, 51.76, -9.00, 7
11321, -1.07, -0.32, -0.12, -52.26, -38.78, -217.56, 31.21, 48.61, -9.90, 7
11331, -1.45, -0.08, -0.20, -67.93, -47.01, -226.10, 32.26, 48.31, -9.30, 7
11340, -1.82, -0.09, -0.30, -82.93, -48.60, -237.62, 31.96, 44.41, -9.60, 7
11350, -2.00, -0.17, -0.35, -87.07, -48.60, -249.70, 31.21, 43.96, -10.95, 7
11360, -2.00, -0.25, -0.33, -94.63, -50.00, -262.26, 33.01, 42.61, -10.20, 7
11369, -2.00, -0.34, -0.31, -109.39, -54.21, -273.66, 31.06, 41.71, -12.45, 7
11379, -2.00, -0.54, -0.13, -118.29, -59.02, -278.05, 32.11, 40.21, -11.85, 7
11388, -1.83, -0.52, -0.02, -114.57, -61.16, -269.02, 34.06, 37.96, -12.75, 7
11398, -1.32, -0.62, 0.07, -110.85, -54.63, -250.85, 32.71, 37.96, -10.20, 7
11408, -0.78, -0.86, 0.22, -91.59, -42.20, -222.62, 33.46, 36.31, -11.55, 7
11417, -0.13, -1.09, 0.21, -67.99, -25.30, -199.39, 31.96, 34.96, -12.00, 7
11427, 0.77, -1.36, 0.76, -32.13, -11.10, -181.28, 30.01, 34.06, -11.55, 7
11461, 1.43, -1.15, 1.14, 60.79, -5.30, -160.00, 30.16, 35.71, -10.65, 7
11471, 0.79, -0.93, 0.97, 119.63, -12.07, -108.84, 30.31, 37.06, -10.05, 7
11481, 0.04, -0.84, 0.65, 88.35, 4.57, -29.09, 30.46, 37.21, -9.90, 7
11490, -0.12, -0.72, 0.07, 39.21, 46.71, 42.56, 31.81, 39.46, -9.75, 7
11500, -0.13, -0.85, 0.03, 8.05, 67.26, 103.54, 31.21, 41.86, -10.65, 7
11509, -0.08, -0.85, 0.37, 14.94, 64.88, 144.39, 31.81, 44.26, -12.15, 7
11519, 0.18, -0.87, 0.46, -4.88, 70.73, 165.12, 32.71, 44.41, -12.75, 7
11528, 0.43, -0.81, 0.41, -32.01, 80.37, 192.56, 33.76, 46.21, -10.95, 7
11538, 0.57, -0.61, 0.22, -64.09, 82.80, 221.71, 34.21, 49.21, -12.90, 7
11547, 0.65, -0.42, 0.03, -91.04, 83.11, 253.05, 33.31, 52.21, -11.70, 7
11557, 0.55, -0.32, -0.09, -98.90, 74.70, 284.94, 34.81, 51.91, -12.30, 7
11567, 0.47, -0.32, -0.21, -74.70, 54.70, 315.43, 32.41, 54.91, -10.80, 7
11576, 0.40, -0.29, -0.16, -29.39, 31.52, 343.60, 34.21, 56.11, -10.80, 7
11586, 0.33, -0.34, -0.11, 9.70, 19.82, 364.88, 34.21, 56.11, -9.75, 7
11620, 0.23, -0.46, -0.15, 26.59, 15.55, 382.44, 31.51, 63.02, -12.00, 7
11630, 0.14, -0.56, -0.20, 25.24, 9.39, 394.15, 30.01, 65.42, -10.80, 7
11639, -0.01, -0.73, -0.15, 14.57, -0.18, 398.96, 26.86, 66.32, -11.25, 7
11649, -0.19, -0.94, -0.15, 7.87, -6.95, 396.22, 27.46, 67.52, -11.55, 7
11659, -0.39, -0.90, -0.00, 1.59, -8.48, 390.98, 26.26, 69.92, -10.95, 7
11668, -0.67, -0.74, -0.06, -18.35, -7.44, 382.80, 24.76, 67.07, -10.95, 7
11678, -0.92, -0.65, 0.01, -32.32, -2.99, 370.37, 24.61, 70.52, -10.50, 7
11687, -0.96, -0.48, 0.07, -10.85, 3.54, 347.74, 23.11, 69.77, -10.80, 7
11697, -1.00, -0.53, -0.01, -0.91, -0.18, 318.60, 23.56, 70.82, -10.50, 7
11706, -1.13, -0.68, 0.02, -0.61, -9.02, 292.62, 23.56, 70.82, -10.50, 7
11715, -1.29, -0.69, 0.16, 11.52, -14.45, 269.76, 23.56, 70.82, -9.00, 7
11725, -1.39, -0.61, 0.20, 31.04, -15.79, 236.59, 22.96, 70.67, -9.30, 7
11735, -1.38, -0.53, 0.03, 44.27, -17.50, 189.15, 22.06, 70.82, -9.45, 7
11744, -1.29, -0.39, 0.01, 46.46, -17.93, 139.15, 23.11, 70.52, -9.45, 7
11778, -1.09, -0.28, 0.00, 40.12, -15.98, 96.65, 22.51, 63.62, -7.65, 7
11788, -0.98, -0.25, -0.08, 28.29, -16.28, 62.26, 21.76, 64.67, -9.45, 7
11797, -0.89, -0.31, -0.24, 14.94, -18.66, 30.67, 20.26, 63.92, -7.05, 7
11807, -0.79, -0.31, -0.34, 9.21, -24.76, -2.74, 18.45, 63.32, -7.35, 7
11816, -0.67, -0.35, -0.43, 7.87, -27.38, -38.72, 18.45, 63.32, -7.35, 7
11826, -0.62, -0.40, -0.77, 4.21, -33.54, -73.96, 15.90, 62.42, -5.85, 7
11835, -0.71, 1.25, -0.83, 9.88, -92.13, -134.63, 16.50, 62.42, -7.20, 7
11844, -1.32, 0.55, 1.92, 163.41, -90.00, -245.61, 18.30, 61.67, -6.45, 7
11854, -2.00, 1.66, 1.00, 127.01, -123.60, -252.62, 19.80, 64.22, -6.15, 7
11864, -2.00, 2.00, -0.10, 109.57, -37.50, -196.10, 20.71, 60.32, -6.30, 7
11873, -1.72, 0.80, 1.83, 321.16, 15.73, -67.26, 20.26, 60.32, -6.60, 7
11883, -2.00, -1.41, -0.24, 263.54, -88.78, -53.11, 21.61, 59.11, -6.75, 7
11892, -2.00, -1.62, -0.29, 62.20, -101.16, -120.37, 21.61, 60.17, -6.75, 7
11902, -1.55, -1.82, -0.07, -19.94, -73.17, -153.90, 20.26, 58.51, -5.25, 7
11937, -0.94, -1.34, -0.15, -94.15, -47.68, -157.80, 22.96, 57.61, -4.80, 7
11946, -0.28, -0.92, 0.42, -101.04, -20.73, -144.21, 22.96, 57.61, -4.80, 7
11956, 0.14, -0.69, 0.88, -70.00, -8.35, -125.91, 23.56, 59.26, -7.05, 7
11965, -0.46, -0.23, 0.32, -36.34, -25.85, -92.87, 22.96, 59.41, -8.25, 7
11975, -1.70, -0.32, 0.18, -10.06, -40.91, -65.18, 22.66, 59.11, -7.20, 7
11984, -2.00, -0.77, 0.23, 11.46, -34.15, -49.27, 24.01, 59.86, -7.20, 7
11994, -2.00, -0.95, 0.27, 10.43, -9.27, -53.60, 23.11, 57.91, -6.00, 7
12003, -1.22, -0.82, 0.28, -0.79, 3.35, -73.60, 24.31, 58.51, -6.60, 7
12013, -0.75, -0.68, 0.26, -11.46, 3.84, -80.24, 22.51, 58.21, -7.05, 7
12022, -0.50, -0.73, 0.39, -10.98, 5.18, -68.84, 22.96, 59.11, -6.15, 7
12032, -0.43, -0.75, 0.40, -5.37, 7.50, -51.16, 21.91, 58.36, -7.50, 7
12041, -0.65, -0.72, 0.34, -10.73, 8.11, -35.98, 24.76, 59.86, -6.15, 7
12051, -0.94, -0.65, 0.28, -17.50, 7.74, -26.22, 23.56, 58.51, -5.55, 7
12060, -1.13, -0.51, 0.23, -19.70, 10.67, -22.01, 24.46, 60.62, -6.15, 7
12094, -1.17, -0.45, 0.22, -20.85, 14.94, -21.83, 24.61, 58.96, -5.55, 7
12104, -1.06, -0.41, 0.21, -17.20, 17.99, -24.63, 25.36, 58.51, -7.35, 7
12113, -0.92, -0.38, 0.15, -13.35, 19.09, -27.32, 25.36, 57.46, -7.35, 7
12123, -0.82, -0.38, 0.14, -10.73, 19.33, -26.22, 23.71, 58.06, -6.75, 7
12133, -0.81, -0.34, 0.13, -6.59, 19.57, -21.46, 24.61, 58.51, -8.10, 7
12142, -0.85, -0.29, 0.13, -2.26, 19.27, -16.34, 23.71, 57.31, -6.75, 7
12151, -0.91, -0.27, 0.12, 0.85, 17.87, -14.63, 26.56, 57.61, -6.45, 7
12161, -0.96, -0.24, 0.10, 1.77, 14.76, -17.50, 26.71, 58.21, -7.35, 7
12170, -0.96, -0.22, 0.05, -2.26, 11.77, -23.35, 26.56, 57.01, -6.15, 7
12180, -0.92, -0.18, 0.06, -8.48, 8.96, -30.49, 27.46, 53.86, -6.60, 7
12189, -0.90, -0.13, 0.04, -14.45, 6.65, -37.44, 26.56, 54.76, -8.25, 7
12199, -0.85, -0.09, 0.05, -19.88, 4.51, -44.33, 28.51, 54.61, -6.30, 7
12208, -0.80, -0.08, 0.05, -23.72, 1.10, -51.46, 28.21, 53.11, -8.40, 7
12218, -0.80, -0.03, 0.07, -26.89, -2.62, -58.11, 29.26, 51.01, -6.60, 7
12252, -0.83, -0.02, 0.07, -29.57, -5.61, -65.06, 30.91, 50.11, -8.85, 7
12261, -0.88, -0.05, 0.06, -30.43, -8.17, -73.05, 30.91, 47.26, -10.20, 7
12271, -0.90, -0.06, 0.06, -28.90, -10.73, -82.26, 30.46, 46.21, -8.85, 7
12280, -0.97, -0.00, 0.05, -30.85, -12.32, -93.05, 31.81, 46.36, -9.00, 7
12290, -1.07, 0.17, -0.00, -33.72, -12.62, -105.55, 31.51, 43.36, -11.25, 7
12299, -1.16, 0.25, -0.02, -35.73, -10.24, -119.45, 32.11, 42.76, -8.40, 7
12309, -1.12, 0.12, -0.02, -27.44, -10.37, -133.72, 31.51, 41.11, -8.55, 7
12318, -1.04, -0.09, 0.03, -19.09, -16.28, -146.34, 30.46, 40.06, -10.65, 7
12328, -1.04, -0.28, -0.02, -23.41, -23.29, -158.05, 31.21, 39.01, -9.30, 7
12338, -1.08, -0.39, -0.06, -39.15, -28.23, -169.02, 31.81, 40.66, -9.00, 7
12347, -1.19, -0.36, -0.11, -56.71, -30.00, -179.57, 30.46, 36.76, -8.55, 7
12357, -1.44, -0.10, -0.21, -72.13, -31.04, -191.34, 30.16, 38.56, -9.60, 7
12366, -1.77, 0.23, -0.31, -86.28, -30.43, -206.22, 30.16, 38.56, -9.60, 7
12376, -2.00, 0.18, -0.37, -89.76, -27.68, -221.16, 30.61, 39.16, -9.00, 7
12420, -2.00, -0.08, -0.33, -71.71, -28.35, -234.21, 31.06, 46.06, -8.70, 7
12430, -2.00, -0.32, -0.17, -52.99, -36.16, -245.30, 30.31, 48.46, -8.10, 7
12440, -2.00, -0.49, -0.04, -47.50, -41.34, -250.00, 29.11, 49.36, -8.55, 7
12450, -2.00, -0.71, 0.10, -43.90, -38.84, -247.93, 30.91, 50.86, -9.60, 7
12460, -1.55, -0.86, 0.22, -39.76, -34.02, -238.48, 31.81, 52.06, -10.05, 7
12471, -1.01, -0.99, 0.31, -41.22, -21.65, -216.46, 32.41, 53.86, -9.75, 7
12481, -0.38, -1.12, 0.46, -37.50, -3.17, -186.10, 32.11, 55.66, -9.45, 7
12491, 0.33, -1.00, 0.62, -16.10, 10.43, -148.54, 31.96, 57.01, -10.65, 7
12501, 0.98, -1.06, 0.82, 20.55, 23.60, -101.40, 31.81, 60.02, -9.75, 7
12511, 1.01, -1.30, 0.86, 73.72, 33.05, -35.24, 31.96, 61.22, -10.20, 7
12521, 0.49, -1.56, 1.02, 97.93, 55.79, 31.34, 30.31, 61.52, -8.70, 7
12531, 0.26, -1.29, 0.83, 95.12, 84.88, 74.15, 30.46, 63.02, -8.85, 7
12541, 0.15, -0.97, 0.28, 22.26, 96.77, 108.48, 28.36, 65.27, -9.60, 7
12551, 0.08, -0.67, 0.16, -14.33, 88.78, 146.40, 27.31, 68.12, -11.25, 7
12583, 0.20, -0.49, 0.06, -26.77, 77.26, 181.89, 24.31, 70.07, -8.10, 7
12593, 0.46, -0.62, 0.01, -36.59, 72.38, 217.93, 21.16, 70.22, -7.80, 7
12603, 0.68, -0.76, 0.05, -38.60, 70.98, 251.04, 19.65, 70.52, -7.65, 7
12613, 0.76, -0.77, 0.04, -44.33, 60.43, 276.16, 19.80, 72.02, -7.50, 7
12623, 0.57, -0.65, -0.02, -69.51, 40.06, 293.17, 18.00, 72.47, -7.80, 7
12633, 0.36, -0.59, -0.16, -102.38, 19.15, 304.76, 19.35, 72.02, -7.50, 7
12643, 0.30, -0.51, -0.25, -116.40, 10.43, 318.11, 16.95, 72.77, -8.25, 7
12653, 0.29, -0.37, -0.33, -101.52, 2.87, 332.74, 19.80, 71.72, -8.85, 7
12663, 0.31, -0.28, -0.29, -80.30, -8.11, 349.21, 19.80, 71.42, -8.85, 7
12673, 0.27, -0.30, -0.28, -51.34, -13.60, 364.33, 18.75, 71.42, -8.25, 7
12684, 0.15, -0.29, -0.28, -23.17, -16.83, 373.78, 19.35, 71.72, -7.80, 7
12694, -0.04, -0.24, -0.20, -5.79, -18.96, 371.16, 21.31, 70.07, -8.70, 7
12704, -0.32, -0.24, -0.23, -7.50, -16.95, 359.21, 21.16, 69.92, -8.85, 7
12714, -0.52, -0.41, -0.25, -10.98, -8.54, 342.87, 21.31, 69.02, -7.35, 7
12748, -0.64, -0.54, -0.16, 10.49, 2.87, 323.17, 16.35, 63.92, -6.60, 7
12758, -0.70, -0.63, -0.13, 40.55, 12.20, 299.88, 17.25, 63.02, -6.75, 7
12769, -0.80, -0.70, -0.08, 67.07, 13.96, 274.63, 18.90, 63.92, -6.60, 7
12779, -0.88, -0.69, 0.09, 97.56, 12.26, 245.37, 18.30, 63.02, -7.80, 7
12789, -0.95, -0.64, 0.13, 122.07, 11.40, 213.66, 21.16, 63.47, -5.10, 7
12799, -1.04, -0.65, 0.19, 124.70, 11.04, 187.13, 19.80, 62.42, -5.40, 7
12809, -1.10, -0.71, 0.20, 108.66, 17.44, 163.84, 21.76, 60.77, -6.00, 7
12819, -1.13, -0.89, 0.23, 71.46, 23.90, 140.30, 21.61, 59.41, -7.50, 7
12829, -1.13, -0.89, 0.26, 21.83, 21.89, 114.21, 21.76, 60.02, -4.95, 7
12839, -1.05, -0.68, 0.20, -37.26, 10.98, 84.45, 22.81, 59.71, -6.00, 7
12849, -0.94, -0.43, 0.02, -79.33, -1.65, 50.67, 22.21, 58.81, -5.40, 7
12859, -0.88, -0.21, -0.14, -88.54, -15.24, 16.10, 22.96, 59.86, -7.50, 7
12869, -0.89, -0.10, -0.28, -76.10, -28.29, -14.94, 23.41, 58.81, -6.75, 7
12879, -0.90, -0.10, -0.28, -63.41, -35.85, -39.88, 24.31, 58.21, -6.60, 7
12914, -0.91, -0.12, -0.23, -55.61, -42.87, -61.40, 23.71, 57.61, -6.15, 7
12924, -0.92, -0.20, -0.43, -64.33, -44.27, -82.68, 23.56, 58.96, -6.60, 7
12934, -0.79, 1.15, -0.42, -80.85, -101.83, -128.48, 23.71, 59.11, -6.45, 7
12945, -1.71, 1.52, 2.00, 114.09, -135.00, -228.84, 23.41, 58.36, -5.10, 7
12955, -2.00, 2.00, 0.59, 93.54, -118.90, -242.87, 24.31, 57.91, -5.55, 7
12965, -2.00, 1.79, 0.00, 58.96, -48.90, -176.28, 24.76, 57.61, -6.15, 7
12975, -1.41, 0.52, 1.50, 332.20, -10.30, -31.52, 24.91, 58.96, -6.00, 7
12985, -1.92, -1.13, -0.41, 228.78, -101.95, -32.38, 24.76, 57.61, -5.40, 7
12995, -2.00, -1.56, -0.59, 13.60, -96.16, -123.11, 25.36, 58.51, -7.05, 7
13005, -1.85, -0.89, 0.07, -28.60, -56.04, -160.91, 23.86, 58.51, -6.30, 7
13015, -1.81, -0.22, -0.35, -78.84, -42.93, -152.87, 25.96, 57.91, -5.25, 7
13025, -1.66, -0.16, 0.13, -63.90, -28.66, -143.48, 25.96, 57.16, -6.60, 7
13036, -1.29, -0.81, 0.34, -25.85, -34.70, -135.85, 26.71, 58.21, -6.00, 7
13046, -1.05, -1.23, 0.23, -17.80, -43.60, -125.61, 25.36, 57.16, -6.60, 7
13080, -0.80, -1.16, 0.38, -24.94, -37.68, -115.00, 28.21, 53.11, -6.30, 7
13090, -0.60, -1.03, 0.51, -32.32, -23.11, -104.21, 26.71, 53.86, -7.05, 7
13100, -0.42, -1.05, 0.61, -31.28, -10.67, -90.30, 28.06, 52.96, -6.75, 7
13111, -0.35, -0.99, 0.54, -28.11, -3.54, -74.82, 29.11, 50.11, -6.15, 7
13121, -0.55, -0.80, 0.38, -26.77, 0.61, -60.37, 28.06, 51.91, -6.45, 7
13131, -0.90, -0.41, 0.29, -16.77, 5.37, -44.02, 30.46, 51.16, -7.80, 7
13140, -1.32, -0.29, 0.25, -0.91, 7.32, -29.70, 30.01, 47.71, -7.35, 7
13150, -1.58, -0.40, 0.25, 13.84, 9.51, -23.48, 30.01, 46.36, -7.65, 7
13160, -1.44, -0.55, 0.19, 14.51, 11.83, -29.09, 30.91, 46.21, -7.80, 7
13170, -1.13, -0.55, 0.16, 5.91, 13.72, -42.56, 30.16, 46.51, -8.55, 7
13181, -0.86, -0.43, 0.12, -5.73, 14.88, -50.61, 30.16, 45.16, -8.85, 7
13191, -0.66, -0.36, 0.09, -12.26, 15.37, -49.27, 32.11, 42.01, -8.10, 7
13201, -0.60, -0.37, 0.10, -10.30, 13.35, -41.89, 30.91, 40.81, -7.80, 7
13211, -0.67, -0.39, 0.09, -8.23, 7.62, -34.57, 30.61, 39.16, -9.00, 7
13245, -0.80, -0.39, 0.09, -11.71, 1.46, -32.07, 32.26, 36.46, -7.20, 7
13255, -0.94, -0.32, 0.06, -17.32, -1.65, -34.51, 30.46, 37.21, -6.75, 7
13265, -0.98, -0.26, 0.07, -21.52, -1.59, -38.96, 29.26, 37.36, -6.60, 7
13275, -0.97, -0.17, 0.09, -20.61, -1.83, -43.11, 29.11, 38.26, -7.20, 7
13285, -0.92, -0.10, 0.10, -17.20, -3.48, -47.32, 29.26, 37.36, -6.30, 7
13295, -0.90, -0.06, 0.10, -13.41, -5.85, -53.35, 28.06, 37.96, -5.40, 7
13305, -0.87, 0.00, 0.11, -9.94, -7.87, -60.85, 29.11, 39.31, -5.10, 7
13315, -0.88, 0.06, 0.10, -9.51, -10.06, -68.72, 29.71, 40.36, -6.75, 7
13325, -0.93, 0.04, 0.10, -11.10, -12.07, -77.44, 30.31, 42.46, -6.60, 7
13335, -0.92, -0.05, 0.12, -13.48, -15.12, -87.80, 29.56, 43.81, -7.35, 7
13345, -0.91, -0.13, 0.09, -19.21, -18.54, -99.21, 31.06, 46.66, -6.00, 7
13355, -0.94, -0.27, 0.09, -34.33, -21.28, -111.52, 31.51, 46.51, -6.15, 7
13365, -0.96, -0.22, 0.10, -47.80, -24.02, -123.41, 30.91, 49.81, -8.55, 7
13375, -1.03, -0.18, 0.05, -57.93, -23.90, -134.45, 33.01, 51.16, -7.50, 7
13410, -1.11, -0.13, 0.06, -61.10, -25.85, -143.66, 33.46, 57.16, -9.45, 7
13420, -1.29, 0.06, 0.09, -58.96, -29.27, -153.90, 33.01, 60.17, -8.55, 7
13430, -1.45, 0.20, -0.05, -59.09, -29.09, -166.95, 32.86, 61.07, -9.75, 7
13440, -1.48, 0.14, -0.11, -56.65, -27.26, -181.77, 31.36, 63.62, -8.40, 7
13450, -1.47, -0.01, -0.16, -45.85, -30.85, -196.10, 31.51, 63.77, -8.55, 7
13460, -1.60, -0.18, -0.22, -42.93, -38.29, -208.72, 28.51, 66.92, -8.70, 7
13470, -1.90, -0.21, -0.24, -52.56, -44.51, -220.73, 26.26, 67.37, -7.80, 7
13480, -2.00, -0.29, -0.29, -67.62, -46.46, -230.49, 25.51, 69.92, -9.30, 7
13491, -2.00, -0.43, -0.12, -72.32, -42.44, -238.29, 24.91, 71.57, -8.40, 7
13501, -2.00, -0.35, -0.03, -61.52, -37.01, -242.32, 23.71, 71.72, -8.85, 7
13511, -1.71, -0.45, 0.01, -47.87, -30.18, -241.16, 20.71, 72.32, -7.35, 7
13521, -1.17, -0.62, 0.18, -23.05, -27.13, -227.32, 19.80, 73.22, -8.85, 7
13531, -0.55, -0.66, 0.31, 2.87, -24.02, -197.87, 18.45, 74.42, -9.45, 7
13628, -0.70, 0.19, -0.27, -59.39, -24.09, -114.70, 14.55, 76.22, -7.05, 7
13639, -0.66, -0.10, -0.64, -37.62, -20.24, -145.12, 15.30, 75.17, -7.35, 7
13648, -0.76, -0.77, -0.77, -41.95, -51.83, -174.39, 15.00, 74.72, -8.10, 7
13659, -1.59, 2.00, 2.00, 263.48, -149.39, -277.38, 15.90, 73.52, -7.80, 7
13669, -2.00, 2.00, 0.88, 147.32, -113.48, -324.27, 15.45, 70.67, -8.25, 7
13678, -1.80, 0.36, 0.38, 70.49, -74.70, -224.51, 16.65, 70.07, -7.05, 7
13689, -1.69, -0.18, 0.44, 281.04, -67.38, -61.52, 14.40, 69.17, -5.40, 7
13698, -1.64, -1.63, 0.21, 107.32, -62.99, -52.01, 12.30, 69.62, -6.15, 7
13709, -2.00, -0.62, -2.00, -63.35, -74.88, -131.28, 13.80, 69.32, -4.95, 7
13719, -2.00, -0.12, -0.76, -70.24, -33.35, -158.48, 14.25, 65.72, -6.30, 7
13728, -1.84, -0.61, -0.01, -84.02, -16.59, -148.60, 15.90, 67.82, -5.85, 7
13739, -0.97, -0.63, 0.37, -21.52, -29.63, -141.10, 17.85, 66.92, -4.95, 7
13748, -0.35, -1.52, 0.64, 10.79, -29.82, -132.13, 18.15, 66.17, -6.00, 7
13759, 0.08, -1.67, 0.55, 14.94, -32.56, -108.66, 17.85, 67.97, -2.85, 7
13793, -0.03, -1.33, 0.31, -28.78, -22.74, -72.50, 21.16, 65.27, -4.05, 7
13802, -0.56, -0.89, 0.49, -45.37, -12.99, -41.83, 18.15, 65.42, -3.90, 7
13812, -0.92, -0.60, 0.52, -37.26, -6.71, -22.50, 19.35, 65.57, -3.75, 7
13821, -1.24, -0.50, 0.40, -30.67, -4.27, -7.20, 19.65, 65.12, -3.90, 7
13831, -1.53, -0.53, 0.22, -17.99, -0.61, 1.22, 19.65, 66.92, -2.85, 7
13840, -1.65, -0.41, 0.16, -3.48, 7.87, 4.09, 19.65, 65.42, -4.20, 7
13850, -1.37, -0.46, 0.22, 7.38, 19.21, 3.54, 18.90, 64.37, -3.90, 7
13859, -1.04, -0.48, 0.27, 22.20, 22.80, 4.02, 19.65, 66.92, -4.50, 7
13868, -0.86, -0.55, 0.23, 25.61, 23.96, 10.37, 18.45, 66.47, -4.50, 7
13878, -0.80, -0.63, 0.17, 17.56, 25.30, 20.49, 18.00, 68.12, -5.10, 7
13887, -0.84, -0.62, 0.07, -0.24, 27.93, 30.49, 18.30, 68.12, -5.10, 7
13897, -0.90, -0.53, 0.06, -20.00, 29.76, 36.89, 18.30, 68.12, -4.05, 7
13906, -0.99, -0.34, 0.06, -36.22, 28.90, 38.60, 19.20, 68.27, -4.95, 7
13916, -1.04, -0.14, 0.08, -43.66, 28.35, 37.93, 20.11, 67.37, -4.35, 7
13954, -1.01, -0.02, 0.07, -40.98, 28.78, 36.65, 19.05, 69.17, -4.35, 7
13963, -0.92, 0.04, 0.09, -28.60, 30.06, 37.32, 20.86, 68.42, -6.15, 7
13973, -0.86, 0.03, 0.08, -15.06, 30.00, 39.39, 19.05, 69.62, -6.15, 7
13982, -0.85, 0.01, 0.03, -6.16, 28.54, 40.91, 18.15, 69.77, -5.55, 7
13992, -0.90, 0.01, -0.02, -0.91, 27.44, 40.85, 18.30, 71.72, -5.85, 7
14001, -0.97, 0.00, -0.02, 1.89, 26.83, 38.23, 19.95, 71.12, -5.55, 7